1002
1.0E12
3.000004e+11 1.147335e+07 8.599722e+01 1.294576e+03 1.000000e+09 star
2.998629e+11 5.245155e+09 4.330929e+01 1.313094e+03 1.000000e+09 star
2.992540e+11 1.219857e+10 -1.034571e+01 1.335473e+03 1.000000e+09 star
2.984797e+11 1.737649e+10 -4.753812e+01 1.350335e+03 1.000000e+09 star
2.970279e+11 2.420388e+10 -9.215807e+01 1.367068e+03 1.000000e+09 star
2.951035e+11 3.091335e+10 -1.301288e+02 1.379281e+03 1.000000e+09 star
2.933555e+11 3.584839e+10 -1.537370e+02 1.384519e+03 1.000000e+09 star
2.906278e+11 4.227328e+10 -1.784188e+02 1.384530e+03 1.000000e+09 star
2.882915e+11 4.695846e+10 -1.920076e+02 1.377854e+03 1.000000e+09 star
2.848011e+11 5.300296e+10 -2.045844e+02 1.357704e+03 1.000000e+09 star
2.808977e+11 5.878918e+10 -2.130704e+02 1.322216e+03 1.000000e+09 star
2.777104e+11 6.294235e+10 -2.188235e+02 1.284372e+03 1.000000e+09 star
2.731308e+11 6.820958e+10 -2.289308e+02 1.218580e+03 1.000000e+09 star
2.694610e+11 7.194324e+10 -2.404738e+02 1.158442e+03 1.000000e+09 star
2.642736e+11 7.661299e+10 -2.635083e+02 1.066261e+03 1.000000e+09 star
2.587730e+11 8.090946e+10 -2.964420e+02 9.642503e+02 1.000000e+09 star
2.544581e+11 8.387420e+10 -3.273545e+02 8.840680e+02 1.000000e+09 star
2.484718e+11 8.746666e+10 -9.652891e+02 4.528938e+02 1.000000e+09 star
2.438277e+11 8.988362e+10 -9.914650e+02 4.042108e+02 1.000000e+09 star
2.374509e+11 9.272194e+10 -1.022797e+03 3.372724e+02 1.000000e+09 star
2.308943e+11 9.510964e+10 -5.224798e+02 4.891922e+02 1.000000e+09 star
2.258743e+11 9.659596e+10 -5.608562e+02 4.164899e+02 1.000000e+09 star
2.190730e+11 9.816529e+10 -6.079547e+02 3.233675e+02 1.000000e+09 star
2.139092e+11 9.902878e+10 -6.394875e+02 2.561890e+02 1.000000e+09 star
2.069673e+11 9.975760e+10 -6.757736e+02 1.698082e+02 1.000000e+09 star
1.999915e+11 1.000004e+11 -7.050386e+02 8.667546e+01 1.000000e+09 star
1.947578e+11 9.986282e+10 -7.222531e+02 2.623695e+01 1.000000e+09 star
1.878044e+11 9.925375e+10 -7.388865e+02 -5.201547e+01 1.000000e+09 star
1.826265e+11 9.847936e+10 -7.466867e+02 -1.090515e+02 1.000000e+09 star
1.757992e+11 9.702745e+10 -7.510141e+02 -1.829665e+02 1.000000e+09 star
1.690898e+11 9.510283e+10 -7.486343e+02 -2.544529e+02 1.000000e+09 star
1.641548e+11 9.335472e+10 -7.426197e+02 -3.064433e+02 1.000000e+09 star
1.577300e+11 9.062680e+10 -7.292057e+02 -3.735159e+02 1.000000e+09 star
1.530449e+11 8.829030e+10 -7.152717e+02 -4.220589e+02 1.000000e+09 star
1.470004e+11 8.479974e+10 -6.917867e+02 -4.843019e+02 1.000000e+09 star
1.412141e+11 8.089604e+10 -6.629932e+02 -5.435407e+02 1.000000e+09 star
1.370609e+11 7.770852e+10 -6.381121e+02 -5.858808e+02 1.000000e+09 star
1.317935e+11 7.312876e+10 -6.008219e+02 -6.393875e+02 1.000000e+09 star
1.280597e+11 6.945885e+10 -5.699507e+02 -6.771969e+02 1.000000e+09 star
1.233897e+11 6.427131e+10 -5.251880e+02 -7.243560e+02 1.000000e+09 star
1.190930e+11 5.877064e+10 -4.766222e+02 -7.676208e+02 1.000000e+09 star
1.161280e+11 5.445572e+10 -4.379094e+02 -7.974036e+02 1.000000e+09 star
1.125337e+11 4.847242e+10 -3.835202e+02 -8.334226e+02 1.000000e+09 star
1.101167e+11 4.382833e+10 -3.408416e+02 -8.575819e+02 1.000000e+09 star
1.072783e+11 3.745159e+10 -2.817062e+02 -8.858727e+02 1.000000e+09 star
1.048917e+11 3.089240e+10 -2.203499e+02 -9.095660e+02 1.000000e+09 star
1.034053e+11 2.587245e+10 -1.730924e+02 -9.242531e+02 1.000000e+09 star
1.018358e+11 1.907129e+10 -1.087200e+02 -9.396531e+02 1.000000e+09 star
1.009722e+11 1.390762e+10 -5.961811e+01 -9.480267e+02 1.000000e+09 star
1.002433e+11 6.965885e+09 6.655065e+00 -9.549142e+02 1.000000e+09 star
1.000004e+11 -9.784484e+06 7.351295e+01 -9.568843e+02 1.000000e+09 star
1.001379e+11 -5.243364e+09 1.238215e+02 -9.551278e+02 1.000000e+09 star
1.007469e+11 -1.219664e+10 1.908305e+02 -9.484813e+02 1.000000e+09 star
1.015213e+11 -1.737444e+10 2.408397e+02 -9.402842e+02 1.000000e+09 star
1.029732e+11 -2.420167e+10 3.069053e+02 -9.251116e+02 1.000000e+09 star
1.048978e+11 -3.091098e+10 3.719515e+02 -9.051549e+02 1.000000e+09 star
1.066458e+11 -3.584590e+10 4.198620e+02 -8.871021e+02 1.000000e+09 star
1.093737e+11 -4.227065e+10 4.823102e+02 -8.590076e+02 1.000000e+09 star
1.117102e+11 -4.695575e+10 5.278947e+02 -8.349896e+02 1.000000e+09 star
1.152008e+11 -5.300016e+10 5.867529e+02 -7.991554e+02 1.000000e+09 star
1.191045e+11 -5.878637e+10 6.431381e+02 -7.591204e+02 1.000000e+09 star
1.222920e+11 -6.293956e+10 6.836290e+02 -7.264484e+02 1.000000e+09 star
1.268717e+11 -6.820689e+10 7.349972e+02 -6.795205e+02 1.000000e+09 star
1.305416e+11 -7.194066e+10 7.714145e+02 -6.419197e+02 1.000000e+09 star
1.357292e+11 -7.661060e+10 8.169599e+02 -5.887654e+02 1.000000e+09 star
1.412298e+11 -8.090730e+10 8.588514e+02 -5.323862e+02 1.000000e+09 star
1.455447e+11 -8.387222e+10 8.877427e+02 -4.881420e+02 1.000000e+09 star
1.515280e+11 -8.746653e+10 9.227365e+02 -4.267547e+02 1.000000e+09 star
1.561721e+11 -8.988349e+10 9.462381e+02 -3.790728e+02 1.000000e+09 star
1.625488e+11 -9.272183e+10 9.737865e+02 -3.135422e+02 1.000000e+09 star
1.691080e+11 -9.510843e+10 9.968788e+02 -2.460532e+02 1.000000e+09 star
1.741280e+11 -9.659485e+10 1.011201e+03 -1.943361e+02 1.000000e+09 star
1.809291e+11 -9.816429e+10 1.026224e+03 -1.241634e+02 1.000000e+09 star
1.860928e+11 -9.902786e+10 1.034392e+03 -7.079465e+01 1.000000e+09 star
1.930345e+11 -9.975675e+10 1.041106e+03 1.093294e+00 1.000000e+09 star
2.000102e+11 -9.999963e+10 1.043015e+03 7.352177e+01 1.000000e+09 star
2.052438e+11 -9.986205e+10 1.041286e+03 1.280057e+02 1.000000e+09 star
2.121971e+11 -9.925300e+10 1.034774e+03 2.006133e+02 1.000000e+09 star
2.173749e+11 -9.847863e+10 1.026752e+03 2.548695e+02 1.000000e+09 star
2.242021e+11 -9.702673e+10 1.011916e+03 3.266980e+02 1.000000e+09 star
2.309114e+11 -9.510212e+10 9.924185e+02 3.976651e+02 1.000000e+09 star
2.358456e+11 -9.335427e+10 8.371843e+02 3.965257e+02 1.000000e+09 star
2.422704e+11 -9.062638e+10 8.129358e+02 4.575475e+02 1.000000e+09 star
2.469555e+11 -8.828990e+10 7.916333e+02 5.021191e+02 1.000000e+09 star
2.530000e+11 -8.479936e+10 7.592233e+02 5.596926e+02 1.000000e+09 star
2.587862e+11 -8.089569e+10 7.224176e+02 6.148573e+02 1.000000e+09 star
2.629394e+11 -7.770818e+10 6.920573e+02 6.544686e+02 1.000000e+09 star
2.682067e+11 -7.312844e+10 6.480857e+02 7.047033e+02 1.000000e+09 star
2.719405e+11 -6.945854e+10 6.126208e+02 7.402950e+02 1.000000e+09 star
2.766105e+11 -6.427101e+10 5.622238e+02 7.847649e+02 1.000000e+09 star
2.809072e+11 -5.877035e+10 5.085176e+02 8.256024e+02 1.000000e+09 star
2.838721e+11 -5.445544e+10 4.662344e+02 8.537123e+02 1.000000e+09 star
2.874664e+11 -4.847215e+10 4.074185e+02 8.876706e+02 1.000000e+09 star
2.898834e+11 -4.382807e+10 3.616424e+02 9.103961e+02 1.000000e+09 star
2.927218e+11 -3.745134e+10 2.986368e+02 9.369048e+02 1.000000e+09 star
2.951084e+11 -3.089215e+10 2.336702e+02 9.589451e+02 1.000000e+09 star
2.965948e+11 -2.587221e+10 1.838535e+02 9.724664e+02 1.000000e+09 star
2.981643e+11 -1.907106e+10 1.162404e+02 9.863979e+02 1.000000e+09 star
2.990278e+11 -1.390739e+10 6.482064e+01 9.937273e+02 1.000000e+09 star
2.997567e+11 -6.965663e+09 -4.414854e+00 9.992889e+02 1.000000e+09 star
2.900005e+11 1.038384e+07 1.003295e+02 1.176699e+03 1.000000e+09 star
2.898767e+11 4.720685e+09 6.277469e+01 1.191008e+03 1.000000e+09 star
2.893287e+11 1.097874e+10 1.527593e+01 1.207100e+03 1.000000e+09 star
2.886318e+11 1.563885e+10 -1.803528e+01 1.216691e+03 1.000000e+09 star
2.873252e+11 2.178347e+10 -5.884933e+01 1.225665e+03 1.000000e+09 star
2.855932e+11 2.782196e+10 -9.507710e+01 1.229478e+03 1.000000e+09 star
2.840200e+11 3.226346e+10 -1.190564e+02 1.228281e+03 1.000000e+09 star
2.815651e+11 3.804582e+10 -1.468026e+02 1.220198e+03 1.000000e+09 star
2.794623e+11 4.226246e+10 -1.646920e+02 1.208467e+03 1.000000e+09 star
2.763210e+11 4.770247e+10 -1.854088e+02 1.184108e+03 1.000000e+09 star
2.728079e+11 5.291006e+10 -2.038862e+02 1.148706e+03 1.000000e+09 star
2.699392e+11 5.664790e+10 -2.173862e+02 1.114494e+03 1.000000e+09 star
2.658176e+11 6.138844e+10 -2.365273e+02 1.058715e+03 1.000000e+09 star
2.625148e+11 6.474876e+10 -2.527629e+02 1.009741e+03 1.000000e+09 star
2.578460e+11 6.895157e+10 -2.780482e+02 9.362399e+02 1.000000e+09 star
2.528955e+11 7.281845e+10 -3.081007e+02 8.554164e+02 1.000000e+09 star
2.490095e+11 7.548511e+10 -8.490823e+02 4.615967e+02 1.000000e+09 star
2.436245e+11 7.871998e+10 -8.839812e+02 4.050444e+02 1.000000e+09 star
2.394448e+11 8.089524e+10 -9.078372e+02 3.611149e+02 1.000000e+09 star
2.337082e+11 8.345098e+10 -4.418985e+02 5.490321e+02 1.000000e+09 star
2.278048e+11 8.559879e+10 -4.822927e+02 4.622350e+02 1.000000e+09 star
2.232868e+11 8.693648e+10 -5.113420e+02 3.985263e+02 1.000000e+09 star
2.171657e+11 8.834888e+10 -5.473343e+02 3.157144e+02 1.000000e+09 star
2.125183e+11 8.912603e+10 -5.716878e+02 2.552731e+02 1.000000e+09 star
2.062706e+11 8.978196e+10 -5.999952e+02 1.768990e+02 1.000000e+09 star
1.999924e+11 9.000050e+10 -6.230448e+02 1.009823e+02 1.000000e+09 star
1.952821e+11 8.987665e+10 -6.366741e+02 4.560017e+01 1.000000e+09 star
1.890240e+11 8.932847e+10 -6.498286e+02 -2.623205e+01 1.000000e+09 star
1.843640e+11 8.863152e+10 -6.559017e+02 -7.862409e+01 1.000000e+09 star
1.782194e+11 8.732479e+10 -6.589715e+02 -1.465114e+02 1.000000e+09 star
1.721809e+11 8.559263e+10 -6.563945e+02 -2.121195e+02 1.000000e+09 star
1.677394e+11 8.401933e+10 -6.508500e+02 -2.597897e+02 1.000000e+09 star
1.619571e+11 8.156419e+10 -6.387971e+02 -3.212222e+02 1.000000e+09 star
1.577405e+11 7.946134e+10 -6.263821e+02 -3.656333e+02 1.000000e+09 star
1.523004e+11 7.631983e+10 -6.055196e+02 -4.225157e+02 1.000000e+09 star
1.470928e+11 7.280650e+10 -5.799648e+02 -4.765883e+02 1.000000e+09 star
1.433549e+11 6.993773e+10 -5.578787e+02 -5.151989e+02 1.000000e+09 star
1.386142e+11 6.581594e+10 -5.247582e+02 -5.639506e+02 1.000000e+09 star
1.352538e+11 6.251302e+10 -4.973183e+02 -5.983736e+02 1.000000e+09 star
1.310508e+11 5.784423e+10 -4.574982e+02 -6.412803e+02 1.000000e+09 star
1.271838e+11 5.289363e+10 -4.142550e+02 -6.806183e+02 1.000000e+09 star
1.245153e+11 4.901020e+10 -3.797580e+02 -7.076855e+02 1.000000e+09 star
1.212804e+11 4.362523e+10 -3.312567e+02 -7.404085e+02 1.000000e+09 star
1.191051e+11 3.944555e+10 -2.931727e+02 -7.623514e+02 1.000000e+09 star
1.165506e+11 3.370648e+10 -2.403711e+02 -7.880435e+02 1.000000e+09 star
1.144026e+11 2.780320e+10 -1.855518e+02 -8.095613e+02 1.000000e+09 star
1.130648e+11 2.328525e+10 -1.433080e+02 -8.229035e+02 1.000000e+09 star
1.116523e+11 1.716421e+10 -8.573892e+01 -8.369025e+02 1.000000e+09 star
1.108750e+11 1.251690e+10 -4.180847e+01 -8.445253e+02 1.000000e+09 star
1.102190e+11 6.269339e+09 1.750679e+01 -8.508177e+02 1.000000e+09 star
1.100004e+11 -8.763375e+06 7.736819e+01 -8.526617e+02 1.000000e+09 star
1.101242e+11 -4.718986e+09 1.224257e+02 -8.511202e+02 1.000000e+09 star
1.106723e+11 -1.097693e+10 1.824566e+02 -8.451738e+02 1.000000e+09 star
1.113692e+11 -1.563696e+10 2.272691e+02 -8.378109e+02 1.000000e+09 star
1.126759e+11 -2.178146e+10 2.864828e+02 -8.241598e+02 1.000000e+09 star
1.144080e+11 -2.781984e+10 3.447963e+02 -8.061865e+02 1.000000e+09 star
1.159813e+11 -3.226127e+10 3.877557e+02 -7.899196e+02 1.000000e+09 star
1.184364e+11 -3.804354e+10 4.437597e+02 -7.645953e+02 1.000000e+09 star
1.205393e+11 -4.226013e+10 4.846466e+02 -7.429401e+02 1.000000e+09 star
1.236807e+11 -4.770010e+10 5.374470e+02 -7.106247e+02 1.000000e+09 star
1.271941e+11 -5.290769e+10 5.880364e+02 -6.745144e+02 1.000000e+09 star
1.300628e+11 -5.664556e+10 6.243699e+02 -6.450413e+02 1.000000e+09 star
1.341846e+11 -6.138616e+10 6.704694e+02 -6.027029e+02 1.000000e+09 star
1.374875e+11 -6.474655e+10 7.031554e+02 -5.687756e+02 1.000000e+09 star
1.421563e+11 -6.894950e+10 7.440390e+02 -5.208088e+02 1.000000e+09 star
1.471069e+11 -7.281652e+10 7.816481e+02 -4.699254e+02 1.000000e+09 star
1.509903e+11 -7.548495e+10 8.075895e+02 -4.299894e+02 1.000000e+09 star
1.563753e+11 -7.871983e+10 8.390152e+02 -3.745730e+02 1.000000e+09 star
1.605549e+11 -8.089509e+10 8.601244e+02 -3.315232e+02 1.000000e+09 star
1.662940e+11 -8.344959e+10 8.848745e+02 -2.723508e+02 1.000000e+09 star
1.721973e+11 -8.559753e+10 9.056291e+02 -2.113997e+02 1.000000e+09 star
1.767152e+11 -8.693531e+10 9.185083e+02 -1.646850e+02 1.000000e+09 star
1.828363e+11 -8.834781e+10 9.320277e+02 -1.012889e+02 1.000000e+09 star
1.874836e+11 -8.912502e+10 9.393898e+02 -5.306501e+01 1.000000e+09 star
1.937311e+11 -8.978102e+10 9.454626e+02 1.190627e+01 1.000000e+09 star
2.000092e+11 -8.999961e+10 9.472300e+02 7.738288e+01 1.000000e+09 star
2.047195e+11 -8.987579e+10 9.457242e+02 1.266494e+02 1.000000e+09 star
2.109774e+11 -8.932764e+10 9.399500e+02 1.923215e+02 1.000000e+09 star
2.156374e+11 -8.863071e+10 9.328115e+02 2.414093e+02 1.000000e+09 star
2.217819e+11 -8.732399e+10 9.195900e+02 3.064158e+02 1.000000e+09 star
2.278203e+11 -8.559184e+10 9.022021e+02 3.706674e+02 1.000000e+09 star
2.322617e+11 -8.401853e+10 8.864820e+02 4.182028e+02 1.000000e+09 star
2.380433e+11 -8.156373e+10 7.160202e+02 4.145045e+02 1.000000e+09 star
2.422599e+11 -7.946090e+10 6.971525e+02 4.545057e+02 1.000000e+09 star
2.476999e+11 -7.631941e+10 6.683578e+02 5.061641e+02 1.000000e+09 star
2.529075e+11 -7.280611e+10 6.355725e+02 5.556490e+02 1.000000e+09 star
2.566454e+11 -6.993735e+10 6.084817e+02 5.911740e+02 1.000000e+09 star
2.613860e+11 -6.581558e+10 5.691914e+02 6.362163e+02 1.000000e+09 star
2.647464e+11 -6.251268e+10 5.374669e+02 6.681212e+02 1.000000e+09 star
2.689494e+11 -5.784390e+10 4.923437e+02 7.079732e+02 1.000000e+09 star
2.728164e+11 -5.289331e+10 4.442155e+02 7.445558e+02 1.000000e+09 star
2.754848e+11 -4.900989e+10 4.062996e+02 7.697266e+02 1.000000e+09 star
2.787197e+11 -4.362493e+10 3.535294e+02 8.001187e+02 1.000000e+09 star
2.808950e+11 -3.944526e+10 3.124386e+02 8.204443e+02 1.000000e+09 star
2.834495e+11 -3.370620e+10 2.558574e+02 8.441331e+02 1.000000e+09 star
2.855975e+11 -2.780293e+10 1.974895e+02 8.638010e+02 1.000000e+09 star
2.869353e+11 -2.328499e+10 1.527171e+02 8.758444e+02 1.000000e+09 star
2.883478e+11 -1.716395e+10 9.193063e+01 8.882157e+02 1.000000e+09 star
2.891250e+11 -1.251665e+10 4.568841e+01 8.946871e+02 1.000000e+09 star
2.897810e+11 -6.269096e+09 -1.659366e+01 8.995261e+02 1.000000e+09 star
2.800006e+11 9.286649e+06 1.114676e+02 1.057281e+03 1.000000e+09 star
2.798905e+11 4.196211e+09 7.844693e+01 1.067910e+03 1.000000e+09 star
2.794034e+11 9.758912e+09 3.631147e+01 1.078832e+03 1.000000e+09 star
2.787840e+11 1.390122e+10 6.359552e+00 1.084370e+03 1.000000e+09 star
2.776225e+11 1.936307e+10 -3.109538e+01 1.087819e+03 1.000000e+09 star
2.760830e+11 2.473059e+10 -6.550117e+01 1.086213e+03 1.000000e+09 star
2.746846e+11 2.867858e+10 -8.925620e+01 1.081273e+03 1.000000e+09 star
2.725023e+11 3.381843e+10 -1.182996e+02 1.069099e+03 1.000000e+09 star
2.706332e+11 3.756653e+10 -1.383026e+02 1.055368e+03 1.000000e+09 star
2.678409e+11 4.240209e+10 -1.630699e+02 1.030398e+03 1.000000e+09 star
2.647181e+11 4.703104e+10 -1.863995e+02 9.973896e+02 1.000000e+09 star
2.621681e+11 5.035358e+10 -2.035200e+02 9.672521e+02 1.000000e+09 star
2.585044e+11 5.456739e+10 -2.266277e+02 9.200580e+02 1.000000e+09 star
2.555686e+11 5.755436e+10 -2.446494e+02 8.797277e+02 1.000000e+09 star
2.514186e+11 6.129023e+10 -2.701265e+02 8.201349e+02 1.000000e+09 star
2.470159e+11 6.472593e+10 -7.461619e+02 4.443019e+02 1.000000e+09 star
2.435639e+11 6.709786e+10 -7.716849e+02 4.079580e+02 1.000000e+09 star
2.387795e+11 6.997468e+10 -3.498189e+02 6.320180e+02 1.000000e+09 star
2.350642e+11 7.190816e+10 -3.732897e+02 5.772545e+02 1.000000e+09 star
2.299628e+11 7.417872e+10 -4.047394e+02 5.035271e+02 1.000000e+09 star
2.247154e+11 7.608791e+10 -4.354926e+02 4.298211e+02 1.000000e+09 star
2.206994e+11 7.727698e+10 -4.575309e+02 3.749713e+02 1.000000e+09 star
2.152584e+11 7.853245e+10 -4.848502e+02 3.027997e+02 1.000000e+09 star
2.111274e+11 7.922325e+10 -5.033788e+02 2.495724e+02 1.000000e+09 star
2.055739e+11 7.980630e+10 -5.249725e+02 1.799774e+02 1.000000e+09 star
1.999933e+11 8.000056e+10 -5.425762e+02 1.120769e+02 1.000000e+09 star
1.958064e+11 7.989046e+10 -5.529516e+02 6.231804e+01 1.000000e+09 star
1.902437e+11 7.940319e+10 -5.628333e+02 -2.417277e+00 1.000000e+09 star
1.861014e+11 7.878368e+10 -5.672082e+02 -4.972642e+01 1.000000e+09 star
1.806395e+11 7.762213e+10 -5.689496e+02 -1.110928e+02 1.000000e+09 star
1.752720e+11 7.608243e+10 -5.660274e+02 -1.704269e+02 1.000000e+09 star
1.713240e+11 7.468393e+10 -5.608143e+02 -2.135362e+02 1.000000e+09 star
1.661842e+11 7.250159e+10 -5.499215e+02 -2.690715e+02 1.000000e+09 star
1.624360e+11 7.063238e+10 -5.388722e+02 -3.091981e+02 1.000000e+09 star
1.576005e+11 6.783993e+10 -5.204329e+02 -3.605605e+02 1.000000e+09 star
1.529715e+11 6.471696e+10 -4.979297e+02 -4.093480e+02 1.000000e+09 star
1.496489e+11 6.216694e+10 -4.785087e+02 -4.441612e+02 1.000000e+09 star
1.454350e+11 5.850313e+10 -4.493990e+02 -4.880898e+02 1.000000e+09 star
1.424479e+11 5.556720e+10 -4.252824e+02 -5.190885e+02 1.000000e+09 star
1.387119e+11 5.141716e+10 -3.902755e+02 -5.577064e+02 1.000000e+09 star
1.352745e+11 4.701662e+10 -3.522405e+02 -5.930939e+02 1.000000e+09 star
1.329026e+11 4.356468e+10 -3.218832e+02 -6.174338e+02 1.000000e+09 star
1.300271e+11 3.877804e+10 -2.791793e+02 -6.468516e+02 1.000000e+09 star
1.280935e+11 3.506276e+10 -2.456297e+02 -6.665750e+02 1.000000e+09 star
1.258228e+11 2.996137e+10 -1.990909e+02 -6.896681e+02 1.000000e+09 star
1.239135e+11 2.471401e+10 -1.507465e+02 -7.090133e+02 1.000000e+09 star
1.227243e+11 2.069805e+10 -1.134753e+02 -7.210144e+02 1.000000e+09 star
1.214687e+11 1.525712e+10 -6.266100e+01 -7.336190e+02 1.000000e+09 star
1.207779e+11 1.112618e+10 -2.386964e+01 -7.404966e+02 1.000000e+09 star
1.201947e+11 5.572797e+09 2.852599e+01 -7.462022e+02 1.000000e+09 star
1.200004e+11 -7.739716e+06 8.142440e+01 -7.479290e+02 1.000000e+09 star
1.201105e+11 -4.194604e+09 1.212531e+02 -7.466094e+02 1.000000e+09 star
1.205977e+11 -9.757225e+09 1.743328e+02 -7.413725e+02 1.000000e+09 star
1.212171e+11 -1.389947e+10 2.139666e+02 -7.348510e+02 1.000000e+09 star
1.223786e+11 -1.936125e+10 2.663499e+02 -7.227309e+02 1.000000e+09 star
1.239183e+11 -2.472870e+10 3.179499e+02 -7.067506e+02 1.000000e+09 star
1.253168e+11 -2.867663e+10 3.559712e+02 -6.922767e+02 1.000000e+09 star
1.274991e+11 -3.381643e+10 4.055471e+02 -6.697322e+02 1.000000e+09 star
1.293683e+11 -3.756451e+10 4.417474e+02 -6.504469e+02 1.000000e+09 star
1.321607e+11 -4.240004e+10 4.885034e+02 -6.216599e+02 1.000000e+09 star
1.352837e+11 -4.702900e+10 5.333098e+02 -5.894841e+02 1.000000e+09 star
1.378337e+11 -5.035156e+10 5.654948e+02 -5.632175e+02 1.000000e+09 star
1.414975e+11 -5.456542e+10 6.063368e+02 -5.254788e+02 1.000000e+09 star
1.444334e+11 -5.755244e+10 6.352995e+02 -4.952329e+02 1.000000e+09 star
1.485834e+11 -6.128839e+10 6.715317e+02 -4.524647e+02 1.000000e+09 star
1.529839e+11 -6.472575e+10 7.048684e+02 -4.070887e+02 1.000000e+09 star
1.564359e+11 -6.709768e+10 7.278672e+02 -3.714703e+02 1.000000e+09 star
1.612225e+11 -6.997313e+10 7.557344e+02 -3.220379e+02 1.000000e+09 star
1.649378e+11 -7.190670e+10 7.744586e+02 -2.836312e+02 1.000000e+09 star
1.700392e+11 -7.417736e+10 7.964199e+02 -2.308324e+02 1.000000e+09 star
1.752865e+11 -7.608664e+10 8.148463e+02 -1.764363e+02 1.000000e+09 star
1.793025e+11 -7.727578e+10 8.262893e+02 -1.347383e+02 1.000000e+09 star
1.847434e+11 -7.853133e+10 8.383154e+02 -7.813973e+01 1.000000e+09 star
1.888743e+11 -7.922218e+10 8.448785e+02 -3.507792e+01 1.000000e+09 star
1.944277e+11 -7.980529e+10 8.503193e+02 2.295091e+01 1.000000e+09 star
2.000083e+11 -7.999959e+10 8.519543e+02 8.144636e+01 1.000000e+09 star
2.041951e+11 -7.988953e+10 8.506786e+02 1.254708e+02 1.000000e+09 star
2.097577e+11 -7.940228e+10 8.456510e+02 1.841706e+02 1.000000e+09 star
2.139000e+11 -7.878279e+10 8.394015e+02 2.280588e+02 1.000000e+09 star
2.193618e+11 -7.762126e+10 8.278016e+02 2.861965e+02 1.000000e+09 star
2.247292e+11 -7.608157e+10 8.125288e+02 3.436788e+02 1.000000e+09 star
2.286772e+11 -7.468307e+10 7.987148e+02 3.862193e+02 1.000000e+09 star
2.338170e+11 -7.250072e+10 7.772336e+02 4.419964e+02 1.000000e+09 star
2.375651e+11 -7.063151e+10 7.588926e+02 4.830024e+02 1.000000e+09 star
2.423998e+11 -6.783947e+10 5.770605e+02 4.523089e+02 1.000000e+09 star
2.470288e+11 -6.471653e+10 5.482686e+02 4.961511e+02 1.000000e+09 star
2.503514e+11 -6.216652e+10 5.244303e+02 5.276155e+02 1.000000e+09 star
2.545652e+11 -5.850273e+10 4.898023e+02 5.674968e+02 1.000000e+09 star
2.575523e+11 -5.556681e+10 4.618060e+02 5.957365e+02 1.000000e+09 star
2.612882e+11 -5.141679e+10 4.219431e+02 6.309972e+02 1.000000e+09 star
2.647256e+11 -4.701627e+10 3.793821e+02 6.633495e+02 1.000000e+09 star
2.670976e+11 -4.356434e+10 3.458265e+02 6.855981e+02 1.000000e+09 star
2.699730e+11 -3.877771e+10 2.990944e+02 7.124451e+02 1.000000e+09 star
2.719066e+11 -3.506244e+10 2.626842e+02 7.303857e+02 1.000000e+09 star
2.741773e+11 -2.996106e+10 2.125223e+02 7.512732e+02 1.000000e+09 star
2.760866e+11 -2.471371e+10 1.607492e+02 7.685862e+02 1.000000e+09 star
2.772757e+11 -2.069776e+10 1.210186e+02 7.791642e+02 1.000000e+09 star
2.785313e+11 -1.525684e+10 6.705647e+01 7.899913e+02 1.000000e+09 star
2.792221e+11 -1.112591e+10 2.599059e+01 7.956165e+02 1.000000e+09 star
2.798053e+11 -5.572529e+09 -2.933908e+01 7.997482e+02 1.000000e+09 star
2.700006e+11 8.186010e+06 1.195127e+02 9.371707e+02 1.000000e+09 star
2.699043e+11 3.671736e+09 9.063694e+01 9.447405e+02 1.000000e+09 star
2.694781e+11 8.539086e+09 5.343528e+01 9.516392e+02 1.000000e+09 star
2.689361e+11 1.216359e+10 2.664692e+01 9.542544e+02 1.000000e+09 star
2.679198e+11 1.694270e+10 -7.431175e+00 9.540577e+02 1.000000e+09 star
2.665727e+11 2.163926e+10 -3.953253e+01 9.493078e+02 1.000000e+09 star
2.653491e+11 2.509374e+10 -6.230018e+01 9.425215e+02 1.000000e+09 star
2.634396e+11 2.959109e+10 -9.098889e+01 9.288661e+02 1.000000e+09 star
2.618041e+11 3.287067e+10 -1.113669e+02 9.149808e+02 1.000000e+09 star
2.593608e+11 3.710177e+10 -1.372678e+02 8.913962e+02 1.000000e+09 star
2.566283e+11 4.115211e+10 -1.620814e+02 8.618913e+02 1.000000e+09 star
2.543971e+11 4.405933e+10 -1.802441e+02 8.358899e+02 1.000000e+09 star
2.511914e+11 4.774643e+10 -2.042176e+02 7.962292e+02 1.000000e+09 star
2.486205e+11 5.035855e+10 -6.051280e+02 4.656848e+02 1.000000e+09 star
2.449893e+11 5.362750e+10 -6.398251e+02 4.272761e+02 1.000000e+09 star
2.411408e+11 5.663655e+10 -2.711830e+02 6.615638e+02 1.000000e+09 star
2.381203e+11 5.871194e+10 -2.899478e+02 6.197041e+02 1.000000e+09 star
2.339320e+11 6.122788e+10 -3.151350e+02 5.615437e+02 1.000000e+09 star
2.306812e+11 6.291970e+10 -3.339611e+02 5.166116e+02 1.000000e+09 star
2.262174e+11 6.490646e+10 -3.586142e+02 4.555631e+02 1.000000e+09 star
2.216259e+11 6.657701e+10 -3.822783e+02 3.938252e+02 1.000000e+09 star
2.181120e+11 6.761745e+10 -3.990509e+02 3.474112e+02 1.000000e+09 star
2.133511e+11 6.871600e+10 -4.196900e+02 2.857499e+02 1.000000e+09 star
2.097365e+11 6.932045e+10 -4.336092e+02 2.398757e+02 1.000000e+09 star
2.048772e+11 6.983062e+10 -4.497435e+02 1.794445e+02 1.000000e+09 star
1.999942e+11 7.000060e+10 -4.627805e+02 1.200669e+02 1.000000e+09 star
1.963306e+11 6.990427e+10 -4.703543e+02 7.633957e+01 1.000000e+09 star
1.914633e+11 6.947790e+10 -4.773452e+02 1.923804e+01 1.000000e+09 star
1.878388e+11 6.893582e+10 -4.801781e+02 -2.261050e+01 1.000000e+09 star
1.830597e+11 6.791947e+10 -4.806711e+02 -7.700122e+01 1.000000e+09 star
1.783631e+11 6.657223e+10 -4.773799e+02 -1.296691e+02 1.000000e+09 star
1.749086e+11 6.534854e+10 -4.724343e+02 -1.679648e+02 1.000000e+09 star
1.704112e+11 6.343898e+10 -4.625777e+02 -2.173177e+02 1.000000e+09 star
1.671316e+11 6.180342e+10 -4.527831e+02 -2.529814e+02 1.000000e+09 star
1.629005e+11 5.936002e+10 -4.366081e+02 -2.986271e+02 1.000000e+09 star
1.588501e+11 5.662742e+10 -4.169942e+02 -3.419736e+02 1.000000e+09 star
1.559429e+11 5.439615e+10 -4.001185e+02 -3.728948e+02 1.000000e+09 star
1.522557e+11 5.119031e+10 -3.748669e+02 -4.118993e+02 1.000000e+09 star
1.496420e+11 4.862137e+10 -3.539656e+02 -4.394139e+02 1.000000e+09 star
1.463730e+11 4.499008e+10 -3.236377e+02 -4.736804e+02 1.000000e+09 star
1.433653e+11 4.113961e+10 -2.906888e+02 -5.050706e+02 1.000000e+09 star
1.412898e+11 3.811916e+10 -2.643872e+02 -5.266567e+02 1.000000e+09 star
1.387738e+11 3.393085e+10 -2.273787e+02 -5.527433e+02 1.000000e+09 star
1.370819e+11 3.067998e+10 -1.982943e+02 -5.702332e+02 1.000000e+09 star
1.350950e+11 2.621626e+10 -1.579346e+02 -5.907146e+02 1.000000e+09 star
1.334244e+11 2.162482e+10 -1.159910e+02 -6.078800e+02 1.000000e+09 star
1.323839e+11 1.811086e+10 -8.364206e+01 -6.185373e+02 1.000000e+09 star
1.312852e+11 1.335005e+10 -3.952228e+01 -6.297471e+02 1.000000e+09 star
1.306807e+11 9.735472e+09 -5.829331e+00 -6.358809e+02 1.000000e+09 star
1.301705e+11 4.876257e+09 3.969550e+01 -6.410036e+02 1.000000e+09 star
1.300004e+11 -6.713169e+06 8.567426e+01 -6.426187e+02 1.000000e+09 star
1.300967e+11 -3.670220e+09 1.203036e+02 -6.415261e+02 1.000000e+09 star
1.305230e+11 -8.537513e+09 1.664672e+02 -6.370062e+02 1.000000e+09 star
1.310651e+11 -1.216198e+10 2.009463e+02 -6.313323e+02 1.000000e+09 star
1.320814e+11 -1.694103e+10 2.465282e+02 -6.207522e+02 1.000000e+09 star
1.334286e+11 -2.163755e+10 2.914406e+02 -6.067744e+02 1.000000e+09 star
1.346522e+11 -2.509199e+10 3.245417e+02 -5.941010e+02 1.000000e+09 star
1.365618e+11 -2.958932e+10 3.677112e+02 -5.743467e+02 1.000000e+09 star
1.381973e+11 -3.286889e+10 3.992399e+02 -5.574395e+02 1.000000e+09 star
1.406407e+11 -3.709998e+10 4.399701e+02 -5.321923e+02 1.000000e+09 star
1.433733e+11 -4.115032e+10 4.790103e+02 -5.039629e+02 1.000000e+09 star
1.456045e+11 -4.405755e+10 5.070586e+02 -4.809119e+02 1.000000e+09 star
1.488103e+11 -4.774468e+10 5.426580e+02 -4.477861e+02 1.000000e+09 star
1.513793e+11 -5.035832e+10 5.679079e+02 -4.212318e+02 1.000000e+09 star
1.550105e+11 -5.362728e+10 5.995019e+02 -3.836767e+02 1.000000e+09 star
1.588610e+11 -5.663497e+10 6.285787e+02 -3.438239e+02 1.000000e+09 star
1.618814e+11 -5.871041e+10 6.486439e+02 -3.125355e+02 1.000000e+09 star
1.660698e+11 -6.122642e+10 6.729643e+02 -2.691052e+02 1.000000e+09 star
1.693206e+11 -6.291829e+10 6.893115e+02 -2.353561e+02 1.000000e+09 star
1.737843e+11 -6.490513e+10 7.084947e+02 -1.889521e+02 1.000000e+09 star
1.783758e+11 -6.657574e+10 7.246031e+02 -1.411344e+02 1.000000e+09 star
1.818897e+11 -6.761624e+10 7.346171e+02 -1.044723e+02 1.000000e+09 star
1.866505e+11 -6.871484e+10 7.451590e+02 -5.469932e+01 1.000000e+09 star
1.902651e+11 -6.931934e+10 7.509296e+02 -1.682286e+01 1.000000e+09 star
1.951243e+11 -6.982956e+10 7.557463e+02 3.422930e+01 1.000000e+09 star
2.000073e+11 -6.999957e+10 7.572557e+02 8.570516e+01 1.000000e+09 star
2.036708e+11 -6.990326e+10 7.562145e+02 1.244556e+02 1.000000e+09 star
2.085381e+11 -6.947692e+10 7.519379e+02 1.761358e+02 1.000000e+09 star
2.121626e+11 -6.893486e+10 7.465794e+02 2.147851e+02 1.000000e+09 star
2.169416e+11 -6.791852e+10 7.366014e+02 2.659956e+02 1.000000e+09 star
2.216381e+11 -6.657129e+10 7.234410e+02 3.166429e+02 1.000000e+09 star
2.250926e+11 -6.534760e+10 7.115283e+02 3.541337e+02 1.000000e+09 star
2.295899e+11 -6.343805e+10 6.929965e+02 4.033001e+02 1.000000e+09 star
2.328695e+11 -6.180249e+10 6.771715e+02 4.394524e+02 1.000000e+09 star
2.371006e+11 -5.935908e+10 6.536043e+02 4.865419e+02 1.000000e+09 star
2.411509e+11 -5.662647e+10 6.273483e+02 5.321951e+02 1.000000e+09 star
2.440573e+11 -5.439570e+10 4.398749e+02 4.637334e+02 1.000000e+09 star
2.477445e+11 -5.118988e+10 4.098801e+02 4.984896e+02 1.000000e+09 star
2.503581e+11 -4.862095e+10 3.855934e+02 5.230892e+02 1.000000e+09 star
2.536271e+11 -4.498968e+10 3.509693e+02 5.537903e+02 1.000000e+09 star
2.566348e+11 -4.113923e+10 3.139576e+02 5.819413e+02 1.000000e+09 star
2.587103e+11 -3.811879e+10 2.847511e+02 6.012885e+02 1.000000e+09 star
2.612263e+11 -3.393049e+10 2.440442e+02 6.246164e+02 1.000000e+09 star
2.629182e+11 -3.067963e+10 2.123066e+02 6.401903e+02 1.000000e+09 star
2.649050e+11 -2.621592e+10 1.685551e+02 6.582997e+02 1.000000e+09 star
2.665757e+11 -2.162449e+10 1.233696e+02 6.732802e+02 1.000000e+09 star
2.676162e+11 -1.811054e+10 8.867681e+01 6.824088e+02 1.000000e+09 star
2.687148e+11 -1.334974e+10 4.153464e+01 6.917123e+02 1.000000e+09 star
2.693193e+11 -9.735169e+09 5.642813e+00 6.965064e+02 1.000000e+09 star
2.698295e+11 -4.875962e+09 -4.273636e+01 6.999507e+02 1.000000e+09 star
2.600006e+11 7.085499e+06 1.247287e+02 8.170827e+02 1.000000e+09 star
2.599181e+11 3.147264e+09 9.979495e+01 8.222249e+02 1.000000e+09 star
2.595527e+11 7.319269e+09 6.738253e+01 8.261625e+02 1.000000e+09 star
2.590882e+11 1.042598e+10 4.378537e+01 8.268188e+02 1.000000e+09 star
2.582171e+11 1.452235e+10 1.336953e+01 8.244668e+02 1.000000e+09 star
2.570624e+11 1.854796e+10 -1.578328e+01 8.182376e+02 1.000000e+09 star
2.560136e+11 2.150893e+10 -3.680597e+01 8.109032e+02 1.000000e+09 star
2.543769e+11 2.536380e+10 -6.374152e+01 7.974367e+02 1.000000e+09 star
2.529750e+11 2.817486e+10 -8.316883e+01 7.844990e+02 1.000000e+09 star
2.508808e+11 3.180152e+10 -1.081427e+02 7.634042e+02 1.000000e+09 star
2.485370e+11 3.527189e+10 -4.574680e+02 4.705388e+02 1.000000e+09 star
2.466261e+11 3.776513e+10 -1.497533e+02 7.159686e+02 1.000000e+09 star
2.438783e+11 4.092551e+10 -1.726293e+02 6.830765e+02 1.000000e+09 star
2.416764e+11 4.316575e+10 -1.894690e+02 6.558363e+02 1.000000e+09 star
2.385639e+11 4.596768e+10 -2.115719e+02 6.163756e+02 1.000000e+09 star
2.352635e+11 4.854565e+10 -2.332968e+02 5.737229e+02 1.000000e+09 star
2.326746e+11 5.032457e+10 -2.493140e+02 5.399290e+02 1.000000e+09 star
2.290846e+11 5.248110e+10 -2.702019e+02 4.928752e+02 1.000000e+09 star
2.262981e+11 5.393124e+10 -2.854126e+02 4.563709e+02 1.000000e+09 star
2.224721e+11 5.563419e+10 -3.048907e+02 4.064827e+02 1.000000e+09 star
2.185366e+11 5.706610e+10 -3.231911e+02 3.556356e+02 1.000000e+09 star
2.155246e+11 5.795791e+10 -3.359603e+02 3.171300e+02 1.000000e+09 star
2.114438e+11 5.889953e+10 -3.514640e+02 2.656019e+02 1.000000e+09 star
2.083456e+11 5.941764e+10 -3.617880e+02 2.269998e+02 1.000000e+09 star
2.041805e+11 5.985493e+10 -3.735949e+02 1.758254e+02 1.000000e+09 star
1.999951e+11 6.000063e+10 -3.829432e+02 1.252215e+02 1.000000e+09 star
1.968549e+11 5.991805e+10 -3.882182e+02 8.777715e+01 1.000000e+09 star
1.926829e+11 5.955260e+10 -3.928061e+02 3.868664e+01 1.000000e+09 star
1.895762e+11 5.908796e+10 -3.943457e+02 2.591637e+00 1.000000e+09 star
1.854798e+11 5.821680e+10 -3.937949e+02 -4.444161e+01 1.000000e+09 star
1.814542e+11 5.706201e+10 -3.902255e+02 -9.008758e+01 1.000000e+09 star
1.784932e+11 5.601313e+10 -3.855591e+02 -1.233260e+02 1.000000e+09 star
1.746383e+11 5.437637e+10 -3.766989e+02 -1.662060e+02 1.000000e+09 star
1.718272e+11 5.297446e+10 -3.680995e+02 -1.972152e+02 1.000000e+09 star
1.682005e+11 5.088011e+10 -3.540825e+02 -2.369226e+02 1.000000e+09 star
1.647288e+11 4.853788e+10 -3.372331e+02 -2.746422e+02 1.000000e+09 star
1.622368e+11 4.662536e+10 -3.228028e+02 -3.015534e+02 1.000000e+09 star
1.590764e+11 4.387750e+10 -3.012730e+02 -3.355014e+02 1.000000e+09 star
1.568361e+11 4.167555e+10 -2.834856e+02 -3.594491e+02 1.000000e+09 star
1.540341e+11 3.856301e+10 -2.577051e+02 -3.892729e+02 1.000000e+09 star
1.514561e+11 3.526260e+10 -2.297171e+02 -4.165933e+02 1.000000e+09 star
1.496771e+11 3.267365e+10 -2.073825e+02 -4.353816e+02 1.000000e+09 star
1.475205e+11 2.908366e+10 -1.759588e+02 -4.580899e+02 1.000000e+09 star
1.460703e+11 2.629721e+10 -1.512622e+02 -4.733184e+02 1.000000e+09 star
1.443673e+11 2.247116e+10 -1.169862e+02 -4.911592e+02 1.000000e+09 star
1.429353e+11 1.853564e+10 -8.135638e+01 -5.061237e+02 1.000000e+09 star
1.420434e+11 1.552367e+10 -5.386995e+01 -5.154258e+02 1.000000e+09 star
1.411017e+11 1.144297e+10 -1.637147e+01 -5.252302e+02 1.000000e+09 star
1.405836e+11 8.344762e+09 1.227328e+01 -5.306153e+02 1.000000e+09 star
1.401462e+11 4.179720e+09 5.098852e+01 -5.351518e+02 1.000000e+09 star
1.400005e+11 -5.683357e+06 9.010280e+01 -5.366551e+02 1.000000e+09 star
1.400830e+11 -3.145832e+09 1.195705e+02 -5.357912e+02 1.000000e+09 star
1.404484e+11 -7.317798e+09 1.588641e+02 -5.319927e+02 1.000000e+09 star
1.409130e+11 -1.042448e+10 1.882200e+02 -5.271708e+02 1.000000e+09 star
1.417841e+11 -1.452082e+10 2.270390e+02 -5.181381e+02 1.000000e+09 star
1.429389e+11 -1.854640e+10 2.652987e+02 -5.061718e+02 1.000000e+09 star
1.439877e+11 -2.150735e+10 2.935034e+02 -4.953063e+02 1.000000e+09 star
1.456245e+11 -2.536221e+10 3.302958e+02 -4.783534e+02 1.000000e+09 star
1.470263e+11 -2.817326e+10 3.571733e+02 -4.638334e+02 1.000000e+09 star
1.491207e+11 -3.179991e+10 3.919024e+02 -4.421391e+02 1.000000e+09 star
1.514629e+11 -3.527163e+10 4.251992e+02 -4.178704e+02 1.000000e+09 star
1.533754e+11 -3.776355e+10 4.491267e+02 -3.980467e+02 1.000000e+09 star
1.561232e+11 -4.092394e+10 4.795031e+02 -3.695502e+02 1.000000e+09 star
1.583252e+11 -4.316421e+10 5.010539e+02 -3.467009e+02 1.000000e+09 star
1.614377e+11 -4.596617e+10 5.280267e+02 -3.143782e+02 1.000000e+09 star
1.647381e+11 -4.854418e+10 5.528592e+02 -2.800692e+02 1.000000e+09 star
1.673270e+11 -5.032313e+10 5.700018e+02 -2.531278e+02 1.000000e+09 star
1.709170e+11 -5.247972e+10 5.907887e+02 -2.157239e+02 1.000000e+09 star
1.737035e+11 -5.392989e+10 6.047685e+02 -1.866521e+02 1.000000e+09 star
1.775295e+11 -5.563289e+10 6.211851e+02 -1.466715e+02 1.000000e+09 star
1.814650e+11 -5.706485e+10 6.349857e+02 -1.054637e+02 1.000000e+09 star
1.844770e+11 -5.795670e+10 6.435775e+02 -7.386310e+01 1.000000e+09 star
1.885577e+11 -5.889836e+10 6.526431e+02 -3.095315e+01 1.000000e+09 star
1.916559e+11 -5.941649e+10 6.576260e+02 1.707280e+00 1.000000e+09 star
1.958209e+11 -5.985382e+10 6.618234e+02 4.573802e+01 1.000000e+09 star
2.000063e+11 -5.999955e+10 6.632100e+02 9.014468e+01 1.000000e+09 star
2.031465e+11 -5.991700e+10 6.624036e+02 1.235804e+02 1.000000e+09 star
2.073184e+11 -5.955156e+10 6.588758e+02 1.681814e+02 1.000000e+09 star
2.104251e+11 -5.908694e+10 6.544043e+02 2.015430e+02 1.000000e+09 star
2.145215e+11 -5.821579e+10 6.460392e+02 2.457550e+02 1.000000e+09 star
2.185470e+11 -5.706102e+10 6.349768e+02 2.894885e+02 1.000000e+09 star
2.215080e+11 -5.601214e+10 6.249504e+02 3.218653e+02 1.000000e+09 star
2.253629e+11 -5.437538e+10 6.093415e+02 3.643279e+02 1.000000e+09 star
2.281739e+11 -5.297347e+10 5.960068e+02 3.955510e+02 1.000000e+09 star
2.318006e+11 -5.087911e+10 5.761442e+02 4.362162e+02 1.000000e+09 star
2.352723e+11 -4.853688e+10 5.540144e+02 4.756310e+02 1.000000e+09 star
2.377642e+11 -4.662435e+10 5.360116e+02 5.042788e+02 1.000000e+09 star
2.409246e+11 -4.387647e+10 5.102551e+02 5.411400e+02 1.000000e+09 star
2.431649e+11 -4.167451e+10 4.897130e+02 5.677072e+02 1.000000e+09 star
2.459669e+11 -3.856195e+10 4.608325e+02 6.015839e+02 1.000000e+09 star
2.485440e+11 -3.526219e+10 2.478763e+02 5.002791e+02 1.000000e+09 star
2.503230e+11 -3.267324e+10 2.230014e+02 5.167496e+02 1.000000e+09 star
2.524796e+11 -2.908327e+10 1.882997e+02 5.365899e+02 1.000000e+09 star
2.539298e+11 -2.629682e+10 1.612219e+02 5.498200e+02 1.000000e+09 star
2.556328e+11 -2.247079e+10 1.238666e+02 5.651806e+02 1.000000e+09 star
2.570647e+11 -1.853528e+10 8.525725e+01 5.778564e+02 1.000000e+09 star
2.579566e+11 -1.552332e+10 5.559530e+01 5.855561e+02 1.000000e+09 star
2.588983e+11 -1.144263e+10 1.526605e+01 5.933627e+02 1.000000e+09 star
2.594164e+11 -8.344429e+09 -1.545554e+01 5.973451e+02 1.000000e+09 star
2.598538e+11 -4.179395e+09 -5.688737e+01 6.001277e+02 1.000000e+09 star
2.500006e+11 5.987882e+06 1.274774e+02 6.975706e+02 1.000000e+09 star
2.499319e+11 2.622799e+09 1.064303e+02 7.008706e+02 1.000000e+09 star
2.496274e+11 6.099462e+09 7.886127e+01 7.027636e+02 1.000000e+09 star
2.492402e+11 8.688382e+09 5.861686e+01 7.022401e+02 1.000000e+09 star
2.485143e+11 1.210201e+10 3.227394e+01 6.988631e+02 1.000000e+09 star
2.475521e+11 1.545669e+10 6.733532e+00 6.923344e+02 1.000000e+09 star
2.466781e+11 1.792416e+10 -1.187058e+01 6.853201e+02 1.000000e+09 star
2.453142e+11 2.113654e+10 -3.592903e+01 6.730970e+02 1.000000e+09 star
2.441459e+11 2.347909e+10 -5.341609e+01 6.617607e+02 1.000000e+09 star
2.424007e+11 2.650130e+10 -7.600876e+01 6.437588e+02 1.000000e+09 star
2.404489e+11 2.939440e+10 -9.780719e+01 6.225034e+02 1.000000e+09 star
2.388552e+11 3.147098e+10 -1.136584e+02 6.044840e+02 1.000000e+09 star
2.365653e+11 3.410464e+10 -1.341573e+02 5.778036e+02 1.000000e+09 star
2.347304e+11 3.597151e+10 -1.490663e+02 5.559064e+02 1.000000e+09 star
2.321366e+11 3.830645e+10 -1.683262e+02 5.243809e+02 1.000000e+09 star
2.293863e+11 4.045477e+10 -1.868552e+02 4.904415e+02 1.000000e+09 star
2.272289e+11 4.193721e+10 -2.002393e+02 4.635825e+02 1.000000e+09 star
2.242372e+11 4.373433e+10 -2.173318e+02 4.261540e+02 1.000000e+09 star
2.219152e+11 4.494278e+10 -2.295237e+02 3.970499e+02 1.000000e+09 star
2.187268e+11 4.636191e+10 -2.448317e+02 3.571319e+02 1.000000e+09 star
2.154472e+11 4.755518e+10 -2.589114e+02 3.162375e+02 1.000000e+09 star
2.129372e+11 4.829836e+10 -2.685630e+02 2.851122e+02 1.000000e+09 star
2.095366e+11 4.908305e+10 -2.800813e+02 2.432393e+02 1.000000e+09 star
2.069547e+11 4.951481e+10 -2.876130e+02 2.117040e+02 1.000000e+09 star
2.034838e+11 4.987923e+10 -2.960486e+02 1.696844e+02 1.000000e+09 star
1.999960e+11 5.000064e+10 -3.025118e+02 1.279074e+02 1.000000e+09 star
1.973792e+11 4.993183e+10 -3.059860e+02 9.686123e+01 1.000000e+09 star
1.939025e+11 4.962728e+10 -3.086999e+02 5.600389e+01 1.000000e+09 star
1.913136e+11 4.924008e+10 -3.092488e+02 2.586193e+01 1.000000e+09 star
1.878999e+11 4.851411e+10 -3.079470e+02 -1.352585e+01 1.000000e+09 star
1.845453e+11 4.755179e+10 -3.042842e+02 -5.185571e+01 1.000000e+09 star
1.820778e+11 4.667773e+10 -2.999768e+02 -7.982116e+01 1.000000e+09 star
1.788654e+11 4.531375e+10 -2.921568e+02 -1.159556e+02 1.000000e+09 star
1.765228e+11 4.414550e+10 -2.847475e+02 -1.421203e+02 1.000000e+09 star
1.735006e+11 4.240020e+10 -2.728439e+02 -1.756584e+02 1.000000e+09 star
1.706074e+11 4.044834e+10 -2.586822e+02 -2.075466e+02 1.000000e+09 star
1.685308e+11 3.885457e+10 -2.466252e+02 -2.303116e+02 1.000000e+09 star
1.658971e+11 3.656468e+10 -2.287084e+02 -2.590436e+02 1.000000e+09 star
1.640302e+11 3.472972e+10 -2.139472e+02 -2.793203e+02 1.000000e+09 star
1.616952e+11 3.213594e+10 -1.925938e+02 -3.045816e+02 1.000000e+09 star
1.595468e+11 2.938560e+10 -1.694459e+02 -3.277320e+02 1.000000e+09 star
1.580644e+11 2.722814e+10 -1.509891e+02 -3.436586e+02 1.000000e+09 star
1.562672e+11 2.423648e+10 -1.250348e+02 -3.629169e+02 1.000000e+09 star
1.550587e+11 2.191443e+10 -1.046428e+02 -3.758392e+02 1.000000e+09 star
1.536395e+11 1.872606e+10 -7.634514e+01 -3.909900e+02 1.000000e+09 star
1.524462e+11 1.544645e+10 -4.693020e+01 -4.037146e+02 1.000000e+09 star
1.517029e+11 1.293648e+10 -2.423656e+01 -4.116380e+02 1.000000e+09 star
1.509182e+11 9.535896e+09 6.727518e+00 -4.200124e+02 1.000000e+09 star
1.504864e+11 6.954056e+09 3.038484e+01 -4.246349e+02 1.000000e+09 star
1.501219e+11 3.483187e+09 6.236584e+01 -4.285717e+02 1.000000e+09 star
1.500005e+11 -4.649859e+06 9.468481e+01 -4.299547e+02 1.000000e+09 star
1.500692e+11 -2.621441e+09 1.190389e+02 -4.293159e+02 1.000000e+09 star
1.503738e+11 -6.098080e+09 1.515218e+02 -4.262374e+02 1.000000e+09 star
1.507609e+11 -8.686982e+09 1.757955e+02 -4.222688e+02 1.000000e+09 star
1.514869e+11 -1.210059e+10 2.079021e+02 -4.147878e+02 1.000000e+09 star
1.524491e+11 -1.545525e+10 2.395554e+02 -4.048400e+02 1.000000e+09 star
1.533232e+11 -1.792271e+10 2.628957e+02 -3.957894e+02 1.000000e+09 star
1.546871e+11 -2.113509e+10 2.933504e+02 -3.816493e+02 1.000000e+09 star
1.558554e+11 -2.347763e+10 3.156037e+02 -3.695264e+02 1.000000e+09 star
1.576006e+11 -2.649984e+10 3.443654e+02 -3.514002e+02 1.000000e+09 star
1.595525e+11 -2.939294e+10 3.719493e+02 -3.311095e+02 1.000000e+09 star
1.611462e+11 -3.146954e+10 3.917770e+02 -3.145274e+02 1.000000e+09 star
1.634361e+11 -3.410320e+10 4.169563e+02 -2.906814e+02 1.000000e+09 star
1.652711e+11 -3.597008e+10 4.348257e+02 -2.715545e+02 1.000000e+09 star
1.678648e+11 -3.830505e+10 4.571991e+02 -2.444892e+02 1.000000e+09 star
1.706151e+11 -4.045340e+10 4.778069e+02 -2.157518e+02 1.000000e+09 star
1.727726e+11 -4.193586e+10 4.920401e+02 -1.931799e+02 1.000000e+09 star
1.757643e+11 -4.373301e+10 5.093094e+02 -1.618351e+02 1.000000e+09 star
1.780863e+11 -4.494149e+10 5.209322e+02 -1.374671e+02 1.000000e+09 star
1.812747e+11 -4.636065e+10 5.345940e+02 -1.039483e+02 1.000000e+09 star
1.845543e+11 -4.755395e+10 5.460966e+02 -6.939234e+01 1.000000e+09 star
1.870642e+11 -4.829715e+10 5.532719e+02 -4.288749e+01 1.000000e+09 star
1.904648e+11 -4.908187e+10 5.608664e+02 -6.889920e+00 1.000000e+09 star
1.930466e+11 -4.951365e+10 5.650635e+02 2.051441e+01 1.000000e+09 star
1.965175e+11 -4.987809e+10 5.686414e+02 5.746590e+01 1.000000e+09 star
2.000053e+11 -4.999953e+10 5.699012e+02 9.474011e+01 1.000000e+09 star
2.026221e+11 -4.993073e+10 5.693238e+02 1.228098e+02 1.000000e+09 star
2.060988e+11 -4.962620e+10 5.665327e+02 1.602580e+02 1.000000e+09 star
2.086877e+11 -4.923901e+10 5.629355e+02 1.882724e+02 1.000000e+09 star
2.121013e+11 -4.851305e+10 5.561607e+02 2.254009e+02 1.000000e+09 star
2.154560e+11 -4.755074e+10 5.471664e+02 2.621286e+02 1.000000e+09 star
2.179234e+11 -4.667668e+10 5.389982e+02 2.893180e+02 1.000000e+09 star
2.211358e+11 -4.531271e+10 5.262659e+02 3.249730e+02 1.000000e+09 star
2.234784e+11 -4.414445e+10 5.153793e+02 3.511849e+02 1.000000e+09 star
2.265006e+11 -4.239915e+10 4.991537e+02 3.853116e+02 1.000000e+09 star
2.293937e+11 -4.044729e+10 4.810673e+02 4.183693e+02 1.000000e+09 star
2.314703e+11 -3.885351e+10 4.663494e+02 4.423789e+02 1.000000e+09 star
2.341040e+11 -3.656361e+10 4.452873e+02 4.732408e+02 1.000000e+09 star
2.359709e+11 -3.472864e+10 4.284850e+02 4.954541e+02 1.000000e+09 star
2.383059e+11 -3.213485e+10 4.048556e+02 5.237287e+02 1.000000e+09 star
2.404542e+11 -2.938449e+10 3.799642e+02 5.503588e+02 1.000000e+09 star
2.419367e+11 -2.722701e+10 3.605638e+02 5.691824e+02 1.000000e+09 star
2.437339e+11 -2.423533e+10 3.338554e+02 5.926581e+02 1.000000e+09 star
2.449424e+11 -2.191327e+10 3.132881e+02 6.089876e+02 1.000000e+09 star
2.463616e+11 -1.872487e+10 2.852938e+02 6.289700e+02 1.000000e+09 star
2.475549e+11 -1.544524e+10 2.568133e+02 6.468069e+02 1.000000e+09 star
2.482981e+11 -1.293524e+10 2.352441e+02 6.587114e+02 1.000000e+09 star
2.490829e+11 -9.534633e+09 2.063531e+02 6.725317e+02 1.000000e+09 star
2.495147e+11 -6.952773e+09 1.846836e+02 6.812967e+02 1.000000e+09 star
2.498792e+11 -3.481876e+09 1.559278e+02 6.907583e+02 1.000000e+09 star
2.400006e+11 4.895128e+06 1.281630e+02 5.790284e+02 1.000000e+09 star
2.399456e+11 2.098340e+09 1.110511e+02 5.809942e+02 1.000000e+09 star
2.397020e+11 4.879667e+09 8.850188e+01 5.815925e+02 1.000000e+09 star
2.393923e+11 6.950799e+09 7.183801e+01 5.804919e+02 1.000000e+09 star
2.388116e+11 9.681701e+09 5.001218e+01 5.769194e+02 1.000000e+09 star
2.380418e+11 1.236544e+10 2.869505e+01 5.709072e+02 1.000000e+09 star
2.373426e+11 1.433941e+10 1.307387e+01 5.647834e+02 1.000000e+09 star
2.362514e+11 1.690932e+10 -7.230364e+00 5.544613e+02 1.000000e+09 star
2.353169e+11 1.878335e+10 -2.204630e+01 5.451097e+02 1.000000e+09 star
2.339207e+11 2.120112e+10 -4.122836e+01 5.305223e+02 1.000000e+09 star
2.323592e+11 2.351560e+10 -5.973410e+01 5.135679e+02 1.000000e+09 star
2.310842e+11 2.517687e+10 -7.315595e+01 4.993487e+02 1.000000e+09 star
2.292523e+11 2.728379e+10 -9.042239e+01 4.784720e+02 1.000000e+09 star
2.277844e+11 2.877729e+10 -1.028846e+02 4.614480e+02 1.000000e+09 star
2.257094e+11 3.064525e+10 -1.188222e+02 4.370498e+02 1.000000e+09 star
2.235091e+11 3.236391e+10 -1.339433e+02 4.108675e+02 1.000000e+09 star
2.217832e+11 3.354986e+10 -1.447154e+02 3.901735e+02 1.000000e+09 star
2.193898e+11 3.498756e+10 -1.582674e+02 3.613330e+02 1.000000e+09 star
2.175322e+11 3.595433e+10 -1.677821e+02 3.388811e+02 1.000000e+09 star
2.149815e+11 3.708964e+10 -1.795353e+02 3.080218e+02 1.000000e+09 star
2.123578e+11 3.804426e+10 -1.901391e+02 2.763048e+02 1.000000e+09 star
2.103498e+11 3.863881e+10 -1.972805e+02 2.520826e+02 1.000000e+09 star
2.076294e+11 3.926657e+10 -2.056432e+02 2.193747e+02 1.000000e+09 star
2.055639e+11 3.961197e+10 -2.109937e+02 1.946457e+02 1.000000e+09 star
2.027872e+11 3.990351e+10 -2.168263e+02 1.615657e+02 1.000000e+09 star
1.999969e+11 4.000064e+10 -2.210946e+02 1.285321e+02 1.000000e+09 star
1.979034e+11 3.994560e+10 -2.232238e+02 1.038935e+02 1.000000e+09 star
1.951221e+11 3.970196e+10 -2.245824e+02 7.135762e+01 1.000000e+09 star
1.930510e+11 3.939220e+10 -2.244623e+02 4.727880e+01 1.000000e+09 star
1.903201e+11 3.881142e+10 -2.227519e+02 1.572427e+01 1.000000e+09 star
1.876363e+11 3.804157e+10 -2.192467e+02 -1.507190e+01 1.000000e+09 star
1.856623e+11 3.734231e+10 -2.154330e+02 -3.759107e+01 1.000000e+09 star
1.830924e+11 3.625113e+10 -2.087704e+02 -6.674494e+01 1.000000e+09 star
1.812184e+11 3.531653e+10 -2.025991e+02 -8.789122e+01 1.000000e+09 star
1.788006e+11 3.392029e+10 -1.928280e+02 -1.150365e+02 1.000000e+09 star
1.764861e+11 3.235880e+10 -1.813324e+02 -1.408839e+02 1.000000e+09 star
1.748248e+11 3.108378e+10 -1.716111e+02 -1.593569e+02 1.000000e+09 star
1.727178e+11 2.925187e+10 -1.572356e+02 -1.826943e+02 1.000000e+09 star
1.712243e+11 2.778390e+10 -1.454347e+02 -1.991784e+02 1.000000e+09 star
1.693563e+11 2.570887e+10 -1.284088e+02 -2.197315e+02 1.000000e+09 star
1.676376e+11 2.350860e+10 -1.099929e+02 -2.385840e+02 1.000000e+09 star
1.664516e+11 2.178263e+10 -9.532953e+01 -2.515643e+02 1.000000e+09 star
1.650139e+11 1.938930e+10 -7.473035e+01 -2.672737e+02 1.000000e+09 star
1.640471e+11 1.753166e+10 -5.855766e+01 -2.778254e+02 1.000000e+09 star
1.629117e+11 1.498096e+10 -3.612606e+01 -2.902121e+02 1.000000e+09 star
1.619571e+11 1.235727e+10 -1.281719e+01 -3.006351e+02 1.000000e+09 star
1.613625e+11 1.034929e+10 5.162461e+00 -3.071407e+02 1.000000e+09 star
1.607347e+11 7.628826e+09 2.969285e+01 -3.140418e+02 1.000000e+09 star
1.603892e+11 5.563354e+09 4.843475e+01 -3.178752e+02 1.000000e+09 star
1.600977e+11 2.786658e+09 7.377258e+01 -3.211839e+02 1.000000e+09 star
1.600005e+11 -3.612217e+06 9.938158e+01 -3.224256e+02 1.000000e+09 star
1.600555e+11 -2.097046e+09 1.186823e+02 -3.220006e+02 1.000000e+09 star
1.602991e+11 -4.878357e+09 1.444299e+02 -3.196319e+02 1.000000e+09 star
1.606089e+11 -6.949479e+09 1.636744e+02 -3.165127e+02 1.000000e+09 star
1.611896e+11 -9.680369e+09 1.891346e+02 -3.105823e+02 1.000000e+09 star
1.619594e+11 -1.236410e+10 2.142422e+02 -3.026566e+02 1.000000e+09 star
1.626587e+11 -1.433806e+10 2.327606e+02 -2.954264e+02 1.000000e+09 star
1.637498e+11 -1.690796e+10 2.569301e+02 -2.841097e+02 1.000000e+09 star
1.646844e+11 -1.878200e+10 2.745957e+02 -2.743946e+02 1.000000e+09 star
1.660806e+11 -2.119977e+10 2.974349e+02 -2.598536e+02 1.000000e+09 star
1.676421e+11 -2.351425e+10 3.193468e+02 -2.435618e+02 1.000000e+09 star
1.689171e+11 -2.517552e+10 3.351029e+02 -2.302393e+02 1.000000e+09 star
1.707490e+11 -2.728245e+10 3.551193e+02 -2.110706e+02 1.000000e+09 star
1.722170e+11 -2.877596e+10 3.693306e+02 -1.956886e+02 1.000000e+09 star
1.742920e+11 -3.064393e+10 3.871325e+02 -1.739139e+02 1.000000e+09 star
1.764922e+11 -3.236261e+10 4.035401e+02 -1.507851e+02 1.000000e+09 star
1.782182e+11 -3.354858e+10 4.148799e+02 -1.326129e+02 1.000000e+09 star
1.806115e+11 -3.498629e+10 4.286498e+02 -1.073708e+02 1.000000e+09 star
1.824691e+11 -3.595308e+10 4.379269e+02 -8.774238e+01 1.000000e+09 star
1.850198e+11 -3.708841e+10 4.488459e+02 -6.073655e+01 1.000000e+09 star
1.876435e+11 -3.804304e+10 4.580583e+02 -3.288839e+01 1.000000e+09 star
1.896515e+11 -3.863761e+10 4.638203e+02 -1.152437e+01 1.000000e+09 star
1.923720e+11 -3.926538e+10 4.699441e+02 1.749628e+01 1.000000e+09 star
1.944374e+11 -3.961080e+10 4.733525e+02 3.959265e+01 1.000000e+09 star
1.972141e+11 -3.990235e+10 4.763025e+02 6.939096e+01 1.000000e+09 star
2.000044e+11 -3.999950e+10 4.774211e+02 9.945318e+01 1.000000e+09 star
2.020978e+11 -3.994447e+10 4.770578e+02 1.220935e+02 1.000000e+09 star
2.048791e+11 -3.970084e+10 4.749774e+02 1.522993e+02 1.000000e+09 star
2.069503e+11 -3.939109e+10 4.722298e+02 1.748956e+02 1.000000e+09 star
2.096812e+11 -3.881032e+10 4.670047e+02 2.048412e+02 1.000000e+09 star
2.123649e+11 -3.804047e+10 4.600280e+02 2.344587e+02 1.000000e+09 star
2.143389e+11 -3.734122e+10 4.536731e+02 2.563793e+02 1.000000e+09 star
2.169088e+11 -3.625004e+10 4.437469e+02 2.851153e+02 1.000000e+09 star
2.187828e+11 -3.531543e+10 4.352470e+02 3.062306e+02 1.000000e+09 star
2.212006e+11 -3.391920e+10 4.225637e+02 3.337045e+02 1.000000e+09 star
2.235151e+11 -3.235770e+10 4.084106e+02 3.602922e+02 1.000000e+09 star
2.251764e+11 -3.108268e+10 3.968838e+02 3.795816e+02 1.000000e+09 star
2.272833e+11 -2.925076e+10 3.803753e+02 4.043415e+02 1.000000e+09 star
2.287768e+11 -2.778279e+10 3.671951e+02 4.221318e+02 1.000000e+09 star
2.306448e+11 -2.570775e+10 3.486435e+02 4.447269e+02 1.000000e+09 star
2.323635e+11 -2.350746e+10 3.290794e+02 4.659406e+02 1.000000e+09 star
2.335495e+11 -2.178148e+10 3.138138e+02 4.808837e+02 1.000000e+09 star
2.349872e+11 -1.938814e+10 2.927692e+02 4.994394e+02 1.000000e+09 star
2.359540e+11 -1.753049e+10 2.765378e+02 5.122777e+02 1.000000e+09 star
2.370894e+11 -1.497977e+10 2.544025e+02 5.278829e+02 1.000000e+09 star
2.380440e+11 -1.235607e+10 2.318236e+02 5.416763e+02 1.000000e+09 star
2.386386e+11 -1.034808e+10 2.146768e+02 5.507793e+02 1.000000e+09 star
2.392664e+11 -7.627591e+09 1.916347e+02 5.611916e+02 1.000000e+09 star
2.396119e+11 -5.562105e+09 1.742872e+02 5.676614e+02 1.000000e+09 star
2.399035e+11 -2.785392e+09 1.511669e+02 5.744375e+02 1.000000e+09 star
2.300006e+11 3.808492e+06 1.271889e+02 4.617075e+02 1.000000e+09 star
2.299594e+11 1.573890e+09 1.141260e+02 4.627586e+02 1.000000e+09 star
2.297767e+11 3.659882e+09 9.683525e+01 4.626503e+02 1.000000e+09 star
2.295444e+11 5.213230e+09 8.400014e+01 4.614235e+02 1.000000e+09 star
2.291088e+11 7.261403e+09 6.711628e+01 4.582472e+02 1.000000e+09 star
2.285315e+11 9.274203e+09 5.055041e+01 4.533045e+02 1.000000e+09 star
2.280071e+11 1.075468e+10 3.836857e+01 4.484404e+02 1.000000e+09 star
2.271887e+11 1.268211e+10 2.249138e+01 4.404239e+02 1.000000e+09 star
2.264878e+11 1.408764e+10 1.088410e+01 4.332776e+02 1.000000e+09 star
2.254406e+11 1.590096e+10 -4.154545e+00 4.222679e+02 1.000000e+09 star
2.242695e+11 1.763682e+10 -1.865271e+01 4.096121e+02 1.000000e+09 star
2.233133e+11 1.888277e+10 -2.914595e+01 3.990781e+02 1.000000e+09 star
2.219394e+11 2.046297e+10 -4.259579e+01 3.837042e+02 1.000000e+09 star
2.208384e+11 2.158309e+10 -5.225392e+01 3.712254e+02 1.000000e+09 star
2.192822e+11 2.298406e+10 -6.452394e+01 3.534017e+02 1.000000e+09 star
2.176320e+11 2.427306e+10 -7.605794e+01 3.343233e+02 1.000000e+09 star
2.163375e+11 2.516253e+10 -8.419692e+01 3.192619e+02 1.000000e+09 star
2.145425e+11 2.624081e+10 -9.432721e+01 2.982773e+02 1.000000e+09 star
2.131493e+11 2.696589e+10 -1.013557e+02 2.819336e+02 1.000000e+09 star
2.112363e+11 2.781737e+10 -1.099259e+02 2.594438e+02 1.000000e+09 star
2.092685e+11 2.853334e+10 -1.175316e+02 2.362832e+02 1.000000e+09 star
2.077625e+11 2.897926e+10 -1.225711e+02 2.185568e+02 1.000000e+09 star
2.057222e+11 2.945007e+10 -1.283620e+02 1.945596e+02 1.000000e+09 star
2.041730e+11 2.970913e+10 -1.319816e+02 1.763662e+02 1.000000e+09 star
2.020905e+11 2.992779e+10 -1.358048e+02 1.519581e+02 1.000000e+09 star
1.999978e+11 3.000064e+10 -1.384427e+02 1.275013e+02 1.000000e+09 star
1.984277e+11 2.995935e+10 -1.396203e+02 1.092056e+02 1.000000e+09 star
1.963417e+11 2.977663e+10 -1.400970e+02 8.497551e+01 1.000000e+09 star
1.947884e+11 2.954431e+10 -1.396205e+02 6.699323e+01 1.000000e+09 star
1.927402e+11 2.910873e+10 -1.378583e+02 4.336529e+01 1.000000e+09 star
1.907274e+11 2.853133e+10 -1.347987e+02 2.023935e+01 1.000000e+09 star
1.892469e+11 2.800689e+10 -1.316508e+02 3.289580e+00 1.000000e+09 star
1.873195e+11 2.718851e+10 -1.263206e+02 -1.870095e+01 1.000000e+09 star
1.859139e+11 2.648755e+10 -1.214808e+02 -3.468307e+01 1.000000e+09 star
1.841006e+11 2.544037e+10 -1.139221e+02 -5.523634e+01 1.000000e+09 star
1.823647e+11 2.426925e+10 -1.051273e+02 -7.484413e+01 1.000000e+09 star
1.811187e+11 2.331299e+10 -9.774267e+01 -8.887914e+01 1.000000e+09 star
1.795385e+11 2.193905e+10 -8.688152e+01 -1.066351e+02 1.000000e+09 star
1.784184e+11 2.083808e+10 -7.800301e+01 -1.191937e+02 1.000000e+09 star
1.770174e+11 1.928180e+10 -6.523535e+01 -1.348724e+02 1.000000e+09 star
1.757284e+11 1.763160e+10 -5.146518e+01 -1.492747e+02 1.000000e+09 star
1.748389e+11 1.633712e+10 -4.052241e+01 -1.592039e+02 1.000000e+09 star
1.737606e+11 1.454212e+10 -2.517334e+01 -1.712373e+02 1.000000e+09 star
1.730355e+11 1.314889e+10 -1.313698e+01 -1.793325e+02 1.000000e+09 star
1.721839e+11 1.123586e+10 3.542244e+00 -1.888527e+02 1.000000e+09 star
1.714679e+11 9.268099e+09 2.086022e+01 -1.968849e+02 1.000000e+09 star
1.710220e+11 7.762113e+09 3.421204e+01 -2.019143e+02 1.000000e+09 star
1.705512e+11 5.721761e+09 5.242213e+01 -2.072745e+02 1.000000e+09 star
1.702921e+11 4.172656e+09 6.633185e+01 -2.102754e+02 1.000000e+09 star
1.700734e+11 2.090133e+09 8.513432e+01 -2.129075e+02 1.000000e+09 star
1.700005e+11 -2.569938e+06 1.041369e+02 -2.139693e+02 1.000000e+09 star
1.700418e+11 -1.572645e+09 1.184588e+02 -2.137349e+02 1.000000e+09 star
1.702245e+11 -3.658629e+09 1.375659e+02 -2.120529e+02 1.000000e+09 star
1.704568e+11 -5.211971e+09 1.518488e+02 -2.097708e+02 1.000000e+09 star
1.708923e+11 -7.260139e+09 1.707479e+02 -2.053814e+02 1.000000e+09 star
1.714697e+11 -9.272934e+09 1.893895e+02 -1.994750e+02 1.000000e+09 star
1.719941e+11 -1.075341e+10 2.031422e+02 -1.940677e+02 1.000000e+09 star
1.728125e+11 -1.268084e+10 2.210964e+02 -1.855831e+02 1.000000e+09 star
1.735134e+11 -1.408636e+10 2.342233e+02 -1.782862e+02 1.000000e+09 star
1.745606e+11 -1.589969e+10 2.512002e+02 -1.673498e+02 1.000000e+09 star
1.757317e+11 -1.763555e+10 2.674950e+02 -1.550816e+02 1.000000e+09 star
1.766880e+11 -1.888150e+10 2.792171e+02 -1.450409e+02 1.000000e+09 star
1.780619e+11 -2.046170e+10 2.941159e+02 -1.305841e+02 1.000000e+09 star
1.791629e+11 -2.158183e+10 3.046997e+02 -1.189763e+02 1.000000e+09 star
1.807191e+11 -2.298281e+10 3.179661e+02 -1.025363e+02 1.000000e+09 star
1.823693e+11 -2.427182e+10 3.302040e+02 -8.506520e+01 1.000000e+09 star
1.836638e+11 -2.516129e+10 3.386697e+02 -7.133326e+01 1.000000e+09 star
1.854588e+11 -2.623958e+10 3.489612e+02 -5.225281e+01 1.000000e+09 star
1.868520e+11 -2.696467e+10 3.559043e+02 -3.741152e+01 1.000000e+09 star
1.887650e+11 -2.781616e+10 3.640910e+02 -1.698717e+01 1.000000e+09 star
1.907328e+11 -2.853214e+10 3.710175e+02 4.079147e+00 1.000000e+09 star
1.922388e+11 -2.897806e+10 3.753651e+02 2.024313e+01 1.000000e+09 star
1.942791e+11 -2.944889e+10 3.800105e+02 4.220299e+01 1.000000e+09 star
1.958282e+11 -2.970796e+10 3.826197e+02 5.892489e+01 1.000000e+09 star
1.979107e+11 -2.992662e+10 3.849207e+02 8.147660e+01 1.000000e+09 star
2.000034e+11 -2.999948e+10 3.858690e+02 1.042282e+02 1.000000e+09 star
2.015735e+11 -2.995820e+10 3.856919e+02 1.213619e+02 1.000000e+09 star
2.036595e+11 -2.977548e+10 3.842765e+02 1.442186e+02 1.000000e+09 star
2.052128e+11 -2.954317e+10 3.823375e+02 1.613141e+02 1.000000e+09 star
2.072610e+11 -2.910759e+10 3.785977e+02 1.839640e+02 1.000000e+09 star
2.092738e+11 -2.853020e+10 3.735625e+02 2.063566e+02 1.000000e+09 star
2.107543e+11 -2.800576e+10 3.689556e+02 2.229219e+02 1.000000e+09 star
2.126817e+11 -2.718738e+10 3.617370e+02 2.446243e+02 1.000000e+09 star
2.140872e+11 -2.648642e+10 3.555408e+02 2.605592e+02 1.000000e+09 star
2.159006e+11 -2.543924e+10 3.462768e+02 2.812730e+02 1.000000e+09 star
2.176365e+11 -2.426812e+10 3.359194e+02 3.012919e+02 1.000000e+09 star
2.188824e+11 -2.331186e+10 3.274712e+02 3.157947e+02 1.000000e+09 star
2.204626e+11 -2.193792e+10 3.153538e+02 3.343780e+02 1.000000e+09 star
2.215828e+11 -2.083693e+10 3.056653e+02 3.477025e+02 1.000000e+09 star
2.229838e+11 -1.928066e+10 2.920075e+02 3.645831e+02 1.000000e+09 star
2.242728e+11 -1.763044e+10 2.775773e+02 3.803766e+02 1.000000e+09 star
2.251623e+11 -1.633596e+10 2.662976e+02 3.914605e+02 1.000000e+09 star
2.262406e+11 -1.454095e+10 2.507172e+02 4.051628e+02 1.000000e+09 star
2.269657e+11 -1.314771e+10 2.386740e+02 4.145923e+02 1.000000e+09 star
2.278172e+11 -1.123468e+10 2.222106e+02 4.259790e+02 1.000000e+09 star
2.285332e+11 -9.266904e+09 2.053652e+02 4.359490e+02 1.000000e+09 star
2.289791e+11 -7.760910e+09 1.925341e+02 4.424588e+02 1.000000e+09 star
2.294500e+11 -5.720548e+09 1.752341e+02 4.498010e+02 1.000000e+09 star
2.297091e+11 -4.171436e+09 1.621626e+02 4.542745e+02 1.000000e+09 star
2.299277e+11 -2.088904e+09 1.446731e+02 4.588215e+02 1.000000e+09 star
2.200006e+11 2.728646e+06 1.249293e+02 3.457425e+02 1.000000e+09 star
2.199731e+11 1.049449e+09 1.160631e+02 3.462112e+02 1.000000e+09 star
2.198513e+11 2.440109e+09 1.042901e+02 3.458423e+02 1.000000e+09 star
2.196965e+11 3.475672e+09 9.552448e+01 3.448166e+02 1.000000e+09 star
2.194061e+11 4.841120e+09 8.396215e+01 3.424492e+02 1.000000e+09 star
2.190212e+11 6.182986e+09 7.258649e+01 3.389437e+02 1.000000e+09 star
2.186716e+11 7.169970e+09 6.420504e+01 3.355740e+02 1.000000e+09 star
2.181260e+11 8.454922e+09 5.326595e+01 3.301072e+02 1.000000e+09 star
2.176587e+11 9.391941e+09 4.526239e+01 3.252895e+02 1.000000e+09 star
2.169606e+11 1.060082e+10 3.489228e+01 3.179324e+02 1.000000e+09 star
2.161799e+11 1.175806e+10 2.490369e+01 3.095413e+02 1.000000e+09 star
2.155424e+11 1.258870e+10 1.768636e+01 3.025945e+02 1.000000e+09 star
2.146264e+11 1.364216e+10 8.459523e+00 2.924995e+02 1.000000e+09 star
2.138925e+11 1.438891e+10 1.857075e+00 2.843331e+02 1.000000e+09 star
2.128550e+11 1.532290e+10 -6.493265e+00 2.726983e+02 1.000000e+09 star
2.117548e+11 1.618223e+10 -1.429325e+01 2.602695e+02 1.000000e+09 star
2.108918e+11 1.677521e+10 -1.976110e+01 2.504680e+02 1.000000e+09 star
2.096952e+11 1.749406e+10 -2.651486e+01 2.368180e+02 1.000000e+09 star
2.087664e+11 1.797745e+10 -3.115966e+01 2.261862e+02 1.000000e+09 star
2.074910e+11 1.854511e+10 -3.676658e+01 2.115481e+02 1.000000e+09 star
2.061792e+11 1.902242e+10 -4.167588e+01 1.964566e+02 1.000000e+09 star
2.051752e+11 1.931970e+10 -4.488277e+01 1.848904e+02 1.000000e+09 star
2.038150e+11 1.963358e+10 -4.850379e+01 1.692066e+02 1.000000e+09 star
2.027822e+11 1.980629e+10 -5.071501e+01 1.572937e+02 1.000000e+09 star
2.013939e+11 1.995206e+10 -5.297285e+01 1.412784e+02 1.000000e+09 star
1.999987e+11 2.000063e+10 -5.442408e+01 1.251906e+02 1.000000e+09 star
1.989520e+11 1.997310e+10 -5.497349e+01 1.131279e+02 1.000000e+09 star
1.975613e+11 1.985129e+10 -5.497732e+01 9.711505e+01 1.000000e+09 star
1.965258e+11 1.969641e+10 -5.442878e+01 8.520311e+01 1.000000e+09 star
1.951603e+11 1.940602e+10 -5.295810e+01 6.951471e+01 1.000000e+09 star
1.938185e+11 1.902109e+10 -5.064175e+01 5.411923e+01 1.000000e+09 star
1.928315e+11 1.867146e+10 -4.835152e+01 4.281004e+01 1.000000e+09 star
1.915465e+11 1.812587e+10 -4.456693e+01 2.810578e+01 1.000000e+09 star
1.906095e+11 1.765857e+10 -4.118693e+01 1.739666e+01 1.000000e+09 star
1.894006e+11 1.696045e+10 -3.597148e+01 3.596852e+00 1.000000e+09 star
1.882433e+11 1.617970e+10 -2.996536e+01 -9.597321e+00 1.000000e+09 star
1.874127e+11 1.554219e+10 -2.495718e+01 -1.905922e+01 1.000000e+09 star
1.863592e+11 1.462624e+10 -1.763213e+01 -3.105123e+01 1.000000e+09 star
1.856125e+11 1.389225e+10 -1.167124e+01 -3.954817e+01 1.000000e+09 star
1.846785e+11 1.285474e+10 -3.130896e+00 -5.017469e+01 1.000000e+09 star
1.838191e+11 1.175460e+10 6.048382e+00 -5.995595e+01 1.000000e+09 star
1.832261e+11 1.089161e+10 1.332497e+01 -6.671175e+01 1.000000e+09 star
1.825072e+11 9.694943e+09 2.351095e+01 -7.491529e+01 1.000000e+09 star
1.820238e+11 8.766122e+09 3.148510e+01 -8.044599e+01 1.000000e+09 star
1.814562e+11 7.490770e+09 4.251996e+01 -8.696656e+01 1.000000e+09 star
1.809788e+11 6.178926e+09 5.396280e+01 -9.248742e+01 1.000000e+09 star
1.806815e+11 5.174935e+09 6.277714e+01 -9.595867e+01 1.000000e+09 star
1.803676e+11 3.814700e+09 7.479020e+01 -9.968014e+01 1.000000e+09 star
1.801949e+11 2.781963e+09 8.396120e+01 -1.017836e+02 1.000000e+09 star
1.800491e+11 1.393613e+09 9.635286e+01 -1.036636e+02 1.000000e+09 star
1.800005e+11 -1.522504e+06 1.088721e+02 -1.044821e+02 1.000000e+09 star
1.800281e+11 -1.048240e+09 1.183058e+02 -1.043988e+02 1.000000e+09 star
1.801499e+11 -2.438896e+09 1.308901e+02 -1.033608e+02 1.000000e+09 star
1.803047e+11 -3.474458e+09 1.402969e+02 -1.018912e+02 1.000000e+09 star
1.805951e+11 -4.839903e+09 1.527445e+02 -9.901949e+01 1.000000e+09 star
1.809800e+11 -6.181767e+09 1.650243e+02 -9.511968e+01 1.000000e+09 star
1.813296e+11 -7.168750e+09 1.740852e+02 -9.153205e+01 1.000000e+09 star
1.818752e+11 -8.453701e+09 1.859173e+02 -8.588406e+01 1.000000e+09 star
1.823425e+11 -9.390719e+09 1.945708e+02 -8.101486e+01 1.000000e+09 star
1.830406e+11 -1.059960e+10 2.057666e+02 -7.370352e+01 1.000000e+09 star
1.838213e+11 -1.175684e+10 2.165180e+02 -6.548844e+01 1.000000e+09 star
1.844588e+11 -1.258748e+10 2.242565e+02 -5.875733e+01 1.000000e+09 star
1.853748e+11 -1.364094e+10 2.340984e+02 -4.905670e+01 1.000000e+09 star
1.861088e+11 -1.438770e+10 2.410949e+02 -4.126172e+01 1.000000e+09 star
1.871463e+11 -1.532168e+10 2.498723e+02 -3.021458e+01 1.000000e+09 star
1.882464e+11 -1.618102e+10 2.579788e+02 -1.846743e+01 1.000000e+09 star
1.891094e+11 -1.677400e+10 2.635936e+02 -9.230259e+00 1.000000e+09 star
1.903060e+11 -1.749286e+10 2.704297e+02 3.609485e+00 1.000000e+09 star
1.912349e+11 -1.797625e+10 2.750504e+02 1.359962e+01 1.000000e+09 star
1.925102e+11 -1.854391e+10 2.805119e+02 2.735118e+01 1.000000e+09 star
1.938220e+11 -1.902123e+10 2.851499e+02 4.153784e+01 1.000000e+09 star
1.948260e+11 -1.931851e+10 2.880746e+02 5.242440e+01 1.000000e+09 star
1.961863e+11 -1.963240e+10 2.912213e+02 6.721532e+01 1.000000e+09 star
1.972190e+11 -1.980511e+10 2.930091e+02 7.847819e+01 1.000000e+09 star
1.986073e+11 -1.995088e+10 2.946219e+02 9.366661e+01 1.000000e+09 star
2.000025e+11 -1.999946e+10 2.953488e+02 1.089871e+02 1.000000e+09 star
2.010492e+11 -1.997194e+10 2.953119e+02 1.205221e+02 1.000000e+09 star
2.024399e+11 -1.985012e+10 2.944895e+02 1.359052e+02 1.000000e+09 star
2.034754e+11 -1.969524e+10 2.932969e+02 1.474063e+02 1.000000e+09 star
2.048409e+11 -1.940486e+10 2.909483e+02 1.626365e+02 1.000000e+09 star
2.061827e+11 -1.901993e+10 2.877475e+02 1.776829e+02 1.000000e+09 star
2.071697e+11 -1.867031e+10 2.847997e+02 1.888053e+02 1.000000e+09 star
2.084547e+11 -1.812472e+10 2.801591e+02 2.033635e+02 1.000000e+09 star
2.093917e+11 -1.765741e+10 2.761612e+02 2.140414e+02 1.000000e+09 star
2.106006e+11 -1.695929e+10 2.701658e+02 2.279040e+02 1.000000e+09 star
2.117578e+11 -1.617855e+10 2.634426e+02 2.412787e+02 1.000000e+09 star
2.125885e+11 -1.554104e+10 2.579457e+02 2.509512e+02 1.000000e+09 star
2.136419e+11 -1.462508e+10 2.500434e+02 2.633199e+02 1.000000e+09 star
2.143887e+11 -1.389109e+10 2.437111e+02 2.721677e+02 1.000000e+09 star
2.153227e+11 -1.285357e+10 2.347645e+02 2.833462e+02 1.000000e+09 star
2.161821e+11 -1.175343e+10 2.252874e+02 2.937668e+02 1.000000e+09 star
2.167750e+11 -1.089044e+10 2.178620e+02 3.010527e+02 1.000000e+09 star
2.174939e+11 -9.693768e+09 2.075800e+02 3.100203e+02 1.000000e+09 star
2.179773e+11 -8.764943e+09 1.996119e+02 3.161598e+02 1.000000e+09 star
2.185450e+11 -7.489587e+09 1.886897e+02 3.235278e+02 1.000000e+09 star
2.190223e+11 -6.177739e+09 1.774776e+02 3.299229e+02 1.000000e+09 star
2.193196e+11 -5.173745e+09 1.689119e+02 3.340577e+02 1.000000e+09 star
2.196335e+11 -3.813505e+09 1.573270e+02 3.386612e+02 1.000000e+09 star
2.198062e+11 -2.780765e+09 1.485457e+02 3.414148e+02 1.000000e+09 star
2.199520e+11 -1.392411e+09 1.367579e+02 3.441333e+02 1.000000e+09 star
2.100006e+11 1.655815e+06 1.217141e+02 2.311791e+02 1.000000e+09 star
2.099869e+11 5.250154e+08 1.172033e+02 2.313193e+02 1.000000e+09 star
2.099260e+11 1.220345e+09 1.112010e+02 2.310177e+02 1.000000e+09 star
2.098485e+11 1.738126e+09 1.067233e+02 2.304249e+02 1.000000e+09 star
2.097033e+11 2.420850e+09 1.008073e+02 2.291477e+02 1.000000e+09 star
2.095109e+11 3.091782e+09 9.497766e+01 2.273187e+02 1.000000e+09 star
2.093361e+11 3.585274e+09 9.067815e+01 2.255896e+02 1.000000e+09 star
2.090633e+11 4.227750e+09 8.506320e+01 2.228161e+02 1.000000e+09 star
2.088296e+11 4.696259e+09 8.095415e+01 2.203919e+02 1.000000e+09 star
2.084806e+11 5.300700e+09 7.563147e+01 2.167133e+02 1.000000e+09 star
2.080902e+11 5.879320e+09 7.050913e+01 2.125414e+02 1.000000e+09 star
2.077715e+11 6.294638e+09 6.681284e+01 2.091011e+02 1.000000e+09 star
2.073135e+11 6.821370e+09 6.209638e+01 2.041170e+02 1.000000e+09 star
2.069465e+11 7.194746e+09 5.872977e+01 2.000952e+02 1.000000e+09 star
2.064278e+11 7.661738e+09 5.448520e+01 1.943760e+02 1.000000e+09 star
2.058777e+11 8.091405e+09 5.053776e+01 1.882762e+02 1.000000e+09 star
2.054462e+11 8.387895e+09 4.778340e+01 1.834702e+02 1.000000e+09 star
2.048479e+11 8.747323e+09 4.439990e+01 1.767806e+02 1.000000e+09 star
2.043835e+11 8.989017e+09 4.208796e+01 1.715710e+02 1.000000e+09 star
2.037458e+11 9.272848e+09 3.931849e+01 1.643970e+02 1.000000e+09 star
2.030899e+11 9.511505e+09 3.691954e+01 1.569965e+02 1.000000e+09 star
2.025879e+11 9.660144e+09 3.537102e+01 1.513204e+02 1.000000e+09 star
2.019078e+11 9.817085e+09 3.364942e+01 1.436157e+02 1.000000e+09 star
2.013914e+11 9.903439e+09 3.262078e+01 1.377564e+02 1.000000e+09 star
2.006972e+11 9.976325e+09 3.160584e+01 1.298682e+02 1.000000e+09 star
1.999997e+11 1.000061e+10 3.100425e+01 1.219301e+02 1.000000e+09 star
1.994763e+11 9.986849e+09 3.082718e+01 1.159680e+02 1.000000e+09 star
1.987810e+11 9.925941e+09 3.095893e+01 1.080392e+02 1.000000e+09 star
1.982632e+11 9.848501e+09 3.133429e+01 1.021298e+02 1.000000e+09 star
1.975805e+11 9.703308e+09 3.220303e+01 9.433172e+01 1.000000e+09 star
1.969095e+11 9.510844e+09 3.349037e+01 8.666175e+01 1.000000e+09 star
1.964160e+11 9.336030e+09 3.472795e+01 8.101608e+01 1.000000e+09 star
1.957735e+11 9.063235e+09 3.673579e+01 7.366047e+01 1.000000e+09 star
1.953050e+11 8.829583e+09 3.850550e+01 6.829229e+01 1.000000e+09 star
1.947006e+11 8.480523e+09 4.120888e+01 6.136048e+01 1.000000e+09 star
1.941220e+11 8.090150e+09 4.429416e+01 5.471712e+01 1.000000e+09 star
1.937066e+11 7.771395e+09 4.685049e+01 4.994301e+01 1.000000e+09 star
1.931799e+11 7.313415e+09 5.056955e+01 4.387960e+01 1.000000e+09 star
1.928065e+11 6.946422e+09 5.358234e+01 3.957418e+01 1.000000e+09 star
1.923395e+11 6.427664e+09 5.788217e+01 3.417800e+01 1.000000e+09 star
1.919098e+11 5.877594e+09 6.248625e+01 2.919822e+01 1.000000e+09 star
1.916134e+11 5.446100e+09 6.612565e+01 2.575052e+01 1.000000e+09 star
1.912539e+11 4.847767e+09 7.120767e+01 2.155325e+01 1.000000e+09 star
1.910122e+11 4.383356e+09 7.517765e+01 1.871543e+01 1.000000e+09 star
1.907284e+11 3.745679e+09 8.066128e+01 1.535881e+01 1.000000e+09 star
1.904897e+11 3.089757e+09 8.633737e+01 1.250383e+01 1.000000e+09 star
1.903411e+11 2.587761e+09 9.070372e+01 1.069939e+01 1.000000e+09 star
1.901841e+11 1.907643e+09 9.664780e+01 8.750807e+00 1.000000e+09 star
1.900978e+11 1.391274e+09 1.011812e+02 7.636820e+00 1.000000e+09 star
1.900249e+11 6.970990e+08 1.073017e+02 6.619552e+00 1.000000e+09 star
1.900006e+11 -4.693902e+05 1.134807e+02 6.140504e+00 1.000000e+09 star
1.900143e+11 -5.238283e+08 1.181344e+02 6.135274e+00 1.000000e+09 star
1.900752e+11 -1.219157e+09 1.243400e+02 6.599625e+00 1.000000e+09 star
1.901527e+11 -1.736938e+09 1.289775e+02 7.299680e+00 1.000000e+09 star
1.902978e+11 -2.419661e+09 1.351133e+02 8.697916e+00 1.000000e+09 star
1.904903e+11 -3.090592e+09 1.411660e+02 1.062046e+01 1.000000e+09 star
1.906651e+11 -3.584084e+09 1.456326e+02 1.240064e+01 1.000000e+09 star
1.909379e+11 -4.226560e+09 1.514664e+02 1.521575e+01 1.000000e+09 star
1.911715e+11 -4.695069e+09 1.557342e+02 1.765064e+01 1.000000e+09 star
1.915206e+11 -5.299510e+09 1.612581e+02 2.131588e+01 1.000000e+09 star
1.919110e+11 -5.878130e+09 1.665661e+02 2.544330e+01 1.000000e+09 star
1.922297e+11 -6.293448e+09 1.703891e+02 2.883033e+01 1.000000e+09 star
1.926877e+11 -6.820181e+09 1.752551e+02 3.371769e+01 1.000000e+09 star
1.930547e+11 -7.193557e+09 1.787178e+02 3.764899e+01 1.000000e+09 star
1.935734e+11 -7.660550e+09 1.830668e+02 4.322514e+01 1.000000e+09 star
1.941235e+11 -8.090218e+09 1.870899e+02 4.915924e+01 1.000000e+09 star
1.945550e+11 -8.386709e+09 1.898812e+02 5.382794e+01 1.000000e+09 star
1.951533e+11 -8.746138e+09 1.932868e+02 6.032019e+01 1.000000e+09 star
1.956177e+11 -8.987833e+09 1.955946e+02 6.537319e+01 1.000000e+09 star
1.962554e+11 -9.271664e+09 1.983313e+02 7.233020e+01 1.000000e+09 star
1.969113e+11 -9.510322e+09 2.006668e+02 7.950830e+01 1.000000e+09 star
1.974133e+11 -9.658963e+09 2.021484e+02 8.501674e+01 1.000000e+09 star
1.980934e+11 -9.815905e+09 2.037565e+02 9.250018e+01 1.000000e+09 star
1.986098e+11 -9.902259e+09 2.046831e+02 9.819770e+01 1.000000e+09 star
1.993040e+11 -9.975146e+09 2.055415e+02 1.058790e+02 1.000000e+09 star
2.000015e+11 -9.999432e+09 2.059660e+02 1.136240e+02 1.000000e+09 star
2.005249e+11 -9.985672e+09 2.059990e+02 1.194526e+02 1.000000e+09 star
2.012202e+11 -9.924765e+09 2.056630e+02 1.272212e+02 1.000000e+09 star
2.017380e+11 -9.847326e+09 2.051276e+02 1.330254e+02 1.000000e+09 star
2.024207e+11 -9.702133e+09 2.040396e+02 1.407053e+02 1.000000e+09 star
2.030917e+11 -9.509669e+09 2.025303e+02 1.482844e+02 1.000000e+09 star
2.035852e+11 -9.334856e+09 2.011270e+02 1.538810e+02 1.000000e+09 star
2.042276e+11 -9.062061e+09 1.989027e+02 1.611972e+02 1.000000e+09 star
2.046961e+11 -8.828408e+09 1.969762e+02 1.665560e+02 1.000000e+09 star
2.053006e+11 -8.479349e+09 1.940744e+02 1.735021e+02 1.000000e+09 star
2.058792e+11 -8.088975e+09 1.908064e+02 1.801902e+02 1.000000e+09 star
2.062945e+11 -7.770220e+09 1.881254e+02 1.850174e+02 1.000000e+09 star
2.068213e+11 -7.312240e+09 1.842591e+02 1.911764e+02 1.000000e+09 star
2.071947e+11 -6.945246e+09 1.811517e+02 1.955711e+02 1.000000e+09 star
2.076616e+11 -6.426488e+09 1.767487e+02 2.011081e+02 1.000000e+09 star
2.080913e+11 -5.876417e+09 1.720694e+02 2.062509e+02 1.000000e+09 star
2.083878e+11 -5.444922e+09 1.683930e+02 2.098338e+02 1.000000e+09 star
2.087473e+11 -4.846588e+09 1.632881e+02 2.142255e+02 1.000000e+09 star
2.089890e+11 -4.382176e+09 1.593211e+02 2.172179e+02 1.000000e+09 star
2.092728e+11 -3.744498e+09 1.538682e+02 2.207891e+02 1.000000e+09 star
2.095115e+11 -3.088575e+09 1.482530e+02 2.238645e+02 1.000000e+09 star
2.096601e+11 -2.586578e+09 1.439515e+02 2.258356e+02 1.000000e+09 star
2.098171e+11 -1.906459e+09 1.381180e+02 2.280048e+02 1.000000e+09 star
2.099034e+11 -1.390090e+09 1.336846e+02 2.292806e+02 1.000000e+09 star
2.099763e+11 -6.959135e+08 1.277181e+02 2.305054e+02 1.000000e+09 star
2.000006e+11 5.899045e+05 1.178218e+02 1.179987e+02 1.000000e+15 star
3.412092e+11 1.416335e+11 -2.121320e+04 2.121320e+04 1.000000e+31 star
